0 0.5759913050006708 0.7510340386657325 0.2894436054577369 0.28944360545773673
0 0.42452731244426883 0.8517894400324213 0.22847187220695986 0.2964211199351574
0 0.2787460856036327 0.9055822200162107 0.20440932588823219 0.1888355599675787
0 0.20129101964019794 0.8669520595532939 0.28744445781510164 0.26609588089341224
0 0.2719351976809072 0.666712426797855 0.34297101984959494 0.33403266749223004
0 0.3714685090962279 0.47723901199171215 0.2324359342414531 0.37098039578060843
0 0.4717830705115487 0.2878019844891221 0.3173931310982999 0.3874102245643246
0 0.17515428122213444 0.4298973234070328 0.30419961827801834 0.33846330231458366
0 0.24514564185166687 0.2421661910658786 0.24174246773989908 0.4368964942090317
0 0.14563363937046753 0.19777402812176254 0.2827612659206535 0.3468194578151016
0 0.1076692206353832 0.3199550891227985 0.20718768527491033 0.464910178245597
0 0.08124149958571523 0.1542380438375282 0.1589898180303493 0.23347608767505643
