0 0.1753545647138212 0.728125 0.1747074003549705 0.4390625
0 0.25963285019318366 0.64140625 0.16536711668970652 0.3953125
0 0.3555207582678845 0.5578125 0.2017609736759482 0.453125
0 0.40696669637965216 0.51640625 0.14665183302444262 0.3515625
0 0.4417162078123975 0.4609375 0.12573913229880312 0.334375
0 0.48077127332882696 0.41640625 0.12179567676384018 0.3109375
0 0.5381224710592415 0.3625 0.11020341233587008 0.2921875
0 0.5841815047245055 0.31875 0.10793158420556885 0.271875
0 0.60073408766413 0.2921875 0.10135420199158389 0.2625
0 0.6413789350317247 0.246875 0.10064487386128267 0.2421875
0 0.6769270546318381 0.21328125 0.07035717313564334 0.225
0 0.705089260166801 0.18984375 0.08727185462398897 0.2171875
0 0.7420089068087564 0.16171875 0.07869546279135697 0.1953125
