0 0.93046875 0.5610480158736876 0.1390625 0.7109931386855445
0 0.86640625 0.4969497005490509 0.2671875 0.6734215080362711
0 0.74609375 0.41241216323205016 0.240625 0.7324874253659985
0 0.66015625 0.5555996365770496 0.2375 0.6324510626989076
0 0.6203125 0.42012576058245843 0.2421875 0.6168806066995438
0 0.5421875 0.4155660772597306 0.2609375 0.5530362827020893
0 0.3734375 0.5526859112826387 0.2984375 0.70034763470718
0 0.21796875 0.5498074539704104 0.2390625 0.607469244032453
0 0.40234375 0.407037056612048 0.225 0.643243112030544
0 0.24375 0.4057574619669106 0.240625 0.5902999253659985
0 0.12734375 0.41101822131604626 0.1875 0.48343176002545346
0 0.0578125 0.4188585406588185 0.115625 0.559157918682363
