0 0.06768219674799698 0.6509610324649888 0.08767763637994505 0.48870293507002244
0 0.11846417577189676 0.5679087839127307 0.20271037315517831 0.5641824321745386
0 0.08245878633759277 0.5280671879655067 0.13433980475344423 0.5407406240689866
0 0.22921268899666356 0.4922473502904503 0.27902776237772076 0.8310831418516669
0 0.40162455724310586 0.668308928454994 0.19599139434304008 0.42206770678164424
0 0.5238265099586463 0.5740965479758666 0.24488246260359964 0.5926370719592908
0 0.928162068331147 0.4804640945039912 0.14367586333770604 0.67595468610348
0 0.886774560015116 0.49765590260954307 0.21405666780880211 0.6519735306029618
0 0.7931687731834132 0.49104849173234166 0.23811579408892633 0.6904923751024439
0 0.7532347469456411 0.4106546703922233 0.24184700981747193 0.7545548751024439
0 0.6171908311323906 0.44205883581753885 0.21856215728545808 0.6490668544242795
0 0.5236228416557344 0.4495503122438903 0.21590759414539598 0.6302440798171736
0 0.45290852325400033 0.43247628226010093 0.2426814677240973 0.7421276497095498
0 0.38250501799232844 0.43418863957986453 0.24120997298576902 0.743617375102444
0 0.32556477325400035 0.43840741273922834 0.23873742036905057 0.7279196004953381
