0 0.9358808743221338 0.571796675930624 0.1269837818027451 0.856406648138752
0 0.8921854164766115 0.5739811888193864 0.15178379390299349 0.8497346976422728
0 0.8429121243221338 0.5749097470714315 0.17216901677563037 0.8501805058571369
0 0.8055348441697087 0.5587289205305976 0.14239970354391396 0.8477901956651065
0 0.7273325761175318 0.5667583602084334 0.1659644685710287 0.8664832795831332
0 0.6758382538106289 0.555007059846463 0.13289743851679922 0.8255331936879401
0 0.6257973471947708 0.5600009659682426 0.16445651072550635 0.879931533611828
0 0.5375797297083281 0.5454662806832594 0.17219628785286928 0.8677498685928
0 0.45791041042648734 0.5390942638773455 0.17387696252090432 0.8881260355889943
0 0.36414222970832805 0.538399244105682 0.1721962878528694 0.8677498685927999
0 0.2783138140172835 0.5161475593149906 0.17073378180274518 0.8848737015966055
0 0.1986354043763631 0.5113380425090764 0.18171673359814325 0.8931318705699661
0 0.1150961965308408 0.49855685821267653 0.1675724203664267 0.8784963676042168
0 0.06157784943426593 0.4837648463496785 0.12315569886853187 0.8706546926993569
