0 0.953125 0.76796875 0.0921875 0.384375
0 0.84921875 0.76796875 0.1046875 0.384375
0 0.73671875 0.76171875 0.0859375 0.3734375
0 0.6515625 0.76171875 0.09375 0.36875
0 0.5734375 0.7703125 0.09375 0.3796875
0 0.490625 0.76796875 0.0828125 0.384375
0 0.4125 0.771875 0.0984375 0.378125
0 0.33359375 0.7671875 0.1 0.3796875
0 0.2578125 0.76796875 0.1 0.38125
0 0.17734375 0.77109375 0.1 0.375
0 0.0890625 0.76796875 0.0984375 0.3828125
0 0.9515625 0.30390625 0.0953125 0.440625
0 0.8984375 0.3 0.0890625 0.4296875
0 0.84921875 0.30703125 0.1046875 0.428125
0 0.8046875 0.2984375 0.0828125 0.4390625
0 0.73125 0.30703125 0.1046875 0.4546875
0 0.6859375 0.3 0.09375 0.421875
0 0.63125 0.303125 0.1078125 0.440625
0 0.5390625 0.31015625 0.0984375 0.446875
0 0.46015625 0.3078125 0.1078125 0.44375
0 0.365625 0.309375 0.1046875 0.44375
0 0.278125 0.303125 0.10625 0.45
0 0.19609375 0.30390625 0.103125 0.446875
0 0.1234375 0.30390625 0.1046875 0.4484375
0 0.040625 0.30859375 0.0796875 0.4453125
