0 0.8643834888071819 0.4741070866461084 0.1656005823145744 0.48311221463952714
0 0.7582286640673811 0.5367227107150949 0.16897788783249829 0.45833053846084476
0 0.6963538630720129 0.3938674307313056 0.18070103912112218 0.6225385876750564
0 0.6053017379026707 0.5103336468185748 0.18819263455313795 0.5870377353176917
0 0.5178050599289381 0.5292163875129499 0.14964803369405538 0.4761344685684685
0 0.5252501469932108 0.3574141621200558 0.16819439506858752 0.6515711162111038
0 0.29978540027257117 0.49572760711487585 0.2112273428300238 0.5507021290313853
0 0.2691728081199158 0.5891158881321225 0.40528495929293873 0.6548203564911941
0 0.3078579291053864 0.37143608250776994 0.20864897670579338 0.6799529813887502
0 0.1488270878572422 0.44664590591480274 0.19827804273916688 0.7199957845319034
