0 0.885393193127339 0.8695821459885478 0.14716268430531088 0.1851749515990065
0 0.9027212132537269 0.7624827182954507 0.1344524016273084 0.38972609621281223
0 0.7468939371344451 0.8149360734852532 0.29071568973237766 0.33127831283893305
0 0.5474461358003927 0.8949786183702054 0.25283283016686775 0.20453400565734087
0 0.04168073043943889 0.8074488856368152 0.08336146087887777 0.3849931444174139
0 0.11864942842801787 0.8357733526557197 0.21398941542211816 0.3277078852440319
0 0.11259741802410994 0.7508307260940909 0.22519483604821988 0.49833854781181836
0 0.27863526006522366 0.8082881812091385 0.2402110786965297 0.38096924063022614
0 0.4358579398479786 0.7441115308397962 0.24528143826203958 0.5075226502711464
0 0.6000532366594753 0.7853309075978169 0.2842819832645141 0.4171521803253757
0 0.8130622489839471 0.6700639350197676 0.3050459418800841 0.604715812838933
0 0.6981399338550849 0.6871337812325796 0.24328957032878673 0.5887362888348282
0 0.5572216847595959 0.6637422539088249 0.28003265377501485 0.6639271863754999
0 0.3890448948455042 0.6537865126894236 0.28603034825709084 0.6889544574527389
0 0.2786153279076195 0.7192529522863774 0.25579621438132144 0.5591306020665445
0 0.04777800147033804 0.676230701893594 0.09555600294067608 0.6475385962128121
0 0.10388025554063822 0.49075174414626754 0.20776051108127644 0.71369083703943
0 0.24119497229883846 0.5242177082383057 0.25790534825709077 0.6887908309893058
0 0.4224992039814728 0.5817387958669109 0.27823113636216024 0.6295521863754999
0 0.6941218984635488 0.555166163746137 0.31637294549812883 0.7016271742752516
0 0.8687124626879001 0.5619605435292199 0.24390480325461644 0.7793067466803503
0 0.7969303951841885 0.42648210666274056 0.25289694368910637 0.6528351502711466
0 0.8379448988022331 0.3322205848981306 0.2647352023955339 0.6644411697962612
0 0.6458802295349277 0.3304222564429077 0.2551145409301444 0.6608445128858154
0 0.524578439620836 0.31983473526747297 0.25084312075832804 0.6396694705349459
0 0.3746193831984009 0.31803536505055574 0.2359750373120999 0.5683874273985096
0 0.22290971901947815 0.39623815398357964 0.2727734317033189 0.763854463502863
0 0.11180395918139711 0.3712204941462675 0.22360791836279423 0.6919340117074649
