0 0.7748422247331253 0.754075030607471 0.4503155505337496 0.4200515583104396
0 0.5230362561713549 0.832035326511914 0.4629780043684029 0.3103126852749103
0 0.20951927003906326 0.8701005225401912 0.2931369766329864 0.2555780277074778
0 0.38362630442399365 0.7227781046336765 0.5855479078631254 0.5470207808078497
0 0.7146386086605562 0.6299333633201287 0.5485232993900006 0.6998161410230974
0 0.6385644582999658 0.5200725198541042 0.5265781770491673 0.8299017473094036
0 0.802041810789167 0.3352363900965932 0.3690903725282645 0.6704727801931863
0 0.6137423769935767 0.3461899875940032 0.43060975398715334 0.6923799751880064
0 0.4042232130496184 0.39808643548430733 0.4415121928167368 0.7961728709686147
0 0.23603887034406293 0.5309994811838623 0.4643678113578479 0.7723760376322752
0 0.15765799078503512 0.4564404369320494 0.30833340406340326 0.6402441261359012
0 0.24608275151861142 0.3576882597199097 0.4111324021635422 0.698099475597782
