0 0.83046875 0.8359375 0.3234375 0.234375
0 0.86875 0.65078125 0.1484375 0.4296875
0 0.76171875 0.67265625 0.0875 0.3984375
0 0.8234375 0.5890625 0.1015625 0.4203125
0 0.6734375 0.59453125 0.165625 0.5734375
0 0.553125 0.61484375 0.1765625 0.5421875
0 0.42265625 0.5984375 0.1890625 0.51875
0 0.3078125 0.578125 0.1734375 0.509375
0 0.0953125 0.6703125 0.125 0.334375
0 0.16875 0.3671875 0.2046875 0.090625
0 0.14140625 0.5421875 0.2828125 0.46875
0 0.61484375 0.30390625 0.2171875 0.128125
0 0.7453125 0.52890625 0.109375 0.3921875
