0 0.6242099021952583 0.6664197874669875 0.3217938407754284 0.45193901550266685
0 0.6899399875940031 0.15849389540184755 0.21964052770747777 0.2995126945406841
0 0.6186643010762385 0.16654088480791668 0.22821500702931347 0.2828712261107152
0 0.5367422129868974 0.16897491104568874 0.22963195781510173 0.27983723137238703
0 0.47275248759400323 0.17114362677423456 0.23021415467194845 0.29233723137238704
0 0.3975341637726856 0.18019937933448332 0.22294531017246647 0.2700982103256996
0 0.3266223502904502 0.18043386874055245 0.20161396567298445 0.24704014192396562
0 0.7954065835412273 0.21157011216346264 0.282333234489122 0.4231402243269253
0 0.36982642494033735 0.47398717668953 0.16821926881613755 0.2326290314288567
0 0.4254407241545491 0.46763148990017933 0.18108314185166688 0.2411695735222315
0 0.48774167101139587 0.4515367820641413 0.18446069892376152 0.21331758930724706
