0 0.8834416755517978 0.5684400287776831 0.18407710167376123 0.48699198165323576
0 0.7738076003180286 0.6123349536421098 0.1870657462875668 0.46357266237139483
0 0.7239172055078312 0.45891451697202224 0.20519864363184706 0.6261726563212708
0 0.6241121273471959 0.5591185291704666 0.21123956537301575 0.5902715177575892
0 0.536584856269957 0.5632969690620079 0.1684066498783629 0.4790885780624395
0 0.5571115005891751 0.39231684855050314 0.19442477009528022 0.6542340238077134
0 0.32371267242853985 0.4917436350476401 0.2313520774732643 0.5560146924256241
0 0.28648031714054145 0.5798112616092691 0.42887249296791713 0.6680975776696559
0 0.34161831079582966 0.3684061289975159 0.23522248691779293 0.6841578731437834
0 0.1780507144848217 0.4166749364736958 0.22606565553570376 0.7216033309893056
