0 0.89453125 0.8796875 0.209375 0.2375
0 0.76796875 0.87265625 0.2609375 0.2515625
0 0.57421875 0.8125 0.2234375 0.371875
0 0.2046875 0.87265625 0.409375 0.2515625
0 0.8953125 0.62578125 0.20625 0.378125
0 0.7859375 0.528125 0.3109375 0.54375
0 0.5859375 0.43515625 0.2203125 0.5203125
0 0.28359375 0.546875 0.359375 0.35625
0 0.84453125 0.22890625 0.309375 0.4578125
0 0.7 0.18046875 0.2109375 0.3609375
0 0.41015625 0.28828125 0.284375 0.51875
0 0.1359375 0.325 0.271875 0.45625
0 0.21875 0.16640625 0.3234375 0.3328125
