0 0.5828125 0.809375 0.1046875 0.378125
0 0.46171875 0.7984375 0.1921875 0.4
0 0.0640625 0.83515625 0.128125 0.3265625
0 0.1625 0.83046875 0.1015625 0.3359375
0 0.1921875 0.8046875 0.1234375 0.371875
0 0.28828125 0.78359375 0.1015625 0.365625
0 0.3546875 0.7671875 0.10625 0.3765625
0 0.35859375 0.77265625 0.2625 0.3640625
0 0.9234375 0.48203125 0.15 0.3890625
0 0.79765625 0.48046875 0.15625 0.3796875
0 0.67265625 0.4703125 0.1359375 0.371875
0 0.55546875 0.48203125 0.13125 0.3890625
0 0.4296875 0.49375 0.1359375 0.3765625
