0 0.76796875 0.794311661487632 0.4640625 0.4011373366466465
0 0.503125 0.8562687015990063 0.45625 0.2874625968019874
0 0.1890625 0.8790380602066545 0.2875 0.241923879586691
0 0.36640625 0.7400755541565303 0.5734375 0.5198488916869394
0 0.69921875 0.6637590147325271 0.5328125 0.6724819705349458
0 0.62578125 0.5528594388113869 0.5078125 0.8092043667008758
0 0.79375 0.3608679024124458 0.353125 0.6879919211519936
0 0.60546875 0.35899126414335186 0.4140625 0.7133464451560988
0 0.39453125 0.4187015656676035 0.4234375 0.7790259873105765
0 0.2234375 0.5427061713483854 0.446875 0.7541623426967707
0 0.146875 0.46413574375348404 0.29375 0.6282714875069682
0 0.2375 0.3701317345801019 0.3953125 0.6819873608471434
