0 0.9227796879376392 0.443174517863498 0.15396790945254005 0.8806341655834313
0 0.889939915937321 0.44609101218145514 0.20044292011454026 0.8470773717519414
0 0.8428558306015486 0.46487796834996536 0.2209190521164494 0.8614944277582959
0 0.8023853719366848 0.45230583036267424 0.1910497387809947 0.8453512305182393
0 0.7278484485996394 0.4809450734628154 0.2163224587841764 0.869225107141445
0 0.6755137892664121 0.4810774870176518 0.17985770011135854 0.823285315745587
0 0.6276757259309578 0.4975343299556371 0.21330654678544914 0.8785455600635441
0 0.5385405005967759 0.5053389216758066 0.2209735961170855 0.8661819277582958
0 0.4594887999284124 0.5192162353927987 0.2243349534531763 0.8865489748361967
0 0.3678371019255489 0.5419054874213936 0.2209735961170855 0.8661819277582958
0 0.2795740332590943 0.5418839423720878 0.2211735907860854 0.8833694277582959
0 0.2013217639242762 0.5541851193196047 0.23216563478672167 0.8882478425309482
0 0.11686494792332172 0.5626891404229231 0.21637700278481273 0.8739126071414448
0 0.07420911199077315 0.5666596201303837 0.1484182239815463 0.8666807597392326
