0 0.6292161746952877 0.6727614755781989 0.32314490035497057 0.4551942695605611
0 0.6968129686969888 0.16623483661404678 0.22108634863353913 0.30167976594251644
0 0.6256373731434925 0.1723044521724505 0.22991571161023075 0.286546088873295
0 0.5437425323993196 0.17269727781676245 0.23136908420556884 0.2835029760284248
0 0.4797891598039813 0.17292965117708228 0.2318055938242157 0.29600297602842474
0 0.4046527505481542 0.18076648462331038 0.22479170199158388 0.2738004274079058
0 0.3337226916551467 0.17980485018171408 0.20209824645662094 0.24921650723608924
0 0.8026165353945445 0.21703705591440872 0.2849008558899335 0.43407411182881744
0 0.37569933821228413 0.47393663048486745 0.17035717313564316 0.2335162641334943
0 0.431222651914615 0.4694671364777612 0.1816220553496283 0.2434644742194024
0 0.4941318796820964 0.45447290027257115 0.18532740870767306 0.21558513568479168
