0 0.6948388841977197 0.7124107530800429 0.20828877058805606 0.5751784938399143
0 0.6264385698624167 0.5992957165043722 0.1731449003549706 0.44457343393541643
0 0.6006920361971527 0.5546999791182439 0.13162703375008214 0.37289684137714507
0 0.5288443180483181 0.5529712988110245 0.14214787149903002 0.40603672359113024
0 0.5606821058899334 0.48151545026230325 0.14305560707105974 0.387341287293461
0 0.48073171106207646 0.4935491695922642 0.12973715153609683 0.3634672776748141
0 0.45131951877395754 0.5674306136944817 0.16273319001068423 0.4145585517214313
0 0.42882447068072327 0.5042212855641806 0.1302827885594054 0.3790922776748141
0 0.37726445988095014 0.5695263378337659 0.1438740626060225 0.410778787293461
0 0.3170635698624166 0.5884921034428626 0.15541176333166193 0.4283482332097771
0 0.3593304262156861 0.525203418959292 0.17556057222466936 0.42437006134007815
0 0.29777536732267873 0.5277356527172232 0.1500149352013608 0.40787204210278444
