0 0.0265625 0.71171875 0.053125 0.4828125
0 0.0921875 0.6234375 0.115625 0.546875
0 0.0390625 0.5875 0.078125 0.5296875
0 0.20234375 0.53828125 0.134375 0.809375
0 0.38515625 0.70078125 0.1234375 0.4015625
0 0.50078125 0.59765625 0.1421875 0.5703125
0 0.9421875 0.4703125 0.1125 0.659375
0 0.85703125 0.49375 0.1 0.6359375
0 0.7640625 0.49453125 0.1171875 0.671875
0 0.71875 0.4171875 0.109375 0.7375
0 0.58515625 0.45859375 0.1046875 0.6328125
0 0.49296875 0.4734375 0.10625 0.6140625
0 0.42109375 0.46171875 0.1125 0.725
0 0.3515625 0.46875 0.1109375 0.7265625
0 0.2953125 0.47734375 0.1109375 0.7109375
