0 0.568874779822709 0.8077376936039744 0.15255095706569471 0.37896131303532454
0 0.4489071187285423 0.7896831060735654 0.24248627925402816 0.416979463502863
0 0.07379801595500066 0.7871772922526736 0.11879289969500029 0.3381454154946528
0 0.1481622363197229 0.7929955001963918 0.14397473765090307 0.3461033612399268
0 0.17966615624760482 0.7701528978352595 0.16984755983923644 0.38374880698520075
0 0.2778490831093409 0.7586427052132436 0.14779072188333364 0.375809041958086
0 0.3448183775622576 0.7488768197728201 0.15429529502159758 0.38678290339440446
0 0.3488519141313895 0.754322843875121 0.30749303020395863 0.3907987585842069
0 0.917063479482778 0.5212491851179635 0.16587304103444395 0.40413402985783764
0 0.8103478861116324 0.5070735765103154 0.20447713297750028 0.3948862948849522
0 0.6863648722439241 0.4843542148776051 0.182383927430417 0.3853840298578376
0 0.568396122243924 0.4850405369881162 0.18118510334222257 0.4009999394987581
0 0.44179725465274344 0.48421435607356533 0.18405553020395865 0.39008062021691714
