0 0.9171875 0.91328125 0.1625 0.1703125
0 0.93828125 0.8078125 0.121875 0.3796875
0 0.7609375 0.84375 0.246875 0.309375
0 0.559375 0.90625 0.2265625 0.184375
0 0.0359375 0.78828125 0.0703125 0.41875
0 0.13359375 0.82421875 0.1671875 0.3484375
0 0.10390625 0.7375 0.2078125 0.5203125
0 0.29453125 0.80546875 0.1875 0.3859375
0 0.45390625 0.7484375 0.1765625 0.5
0 0.615625 0.8 0.228125 0.396875
0 0.83203125 0.7046875 0.2234375 0.5859375
0 0.7171875 0.7109375 0.1625 0.575
0 0.57734375 0.67421875 0.1890625 0.6484375
0 0.41015625 0.6515625 0.1921875 0.6765625
0 0.296875 0.715625 0.178125 0.565625
0 0.034375 0.65703125 0.06875 0.6828125
0 0.11484375 0.4578125 0.14375 0.703125
0 0.2671875 0.50546875 0.1640625 0.675
0 0.44609375 0.5796875 0.1921875 0.6140625
0 0.7171875 0.57890625 0.2203125 0.6828125
0 0.91015625 0.60390625 0.1765625 0.765625
0 0.82421875 0.459375 0.1640625 0.6390625
0 0.8703125 0.34765625 0.1703125 0.69375
0 0.678125 0.33671875 0.1625 0.6734375
0 0.55703125 0.3203125 0.1625 0.640625
0 0.4078125 0.31171875 0.1578125 0.55625
0 0.25390625 0.37578125 0.1671875 0.7515625
0 0.121875 0.3390625 0.1734375 0.678125
