0 0.11467366983097271 0.5962886718393646 0.2159640661075005 0.6199226563212707
0 0.29083677953836856 0.6116722564429077 0.20869838639597277 0.710493114166793
0 0.46892606515757 0.642671750687371 0.21509255033993108 0.6496010659621911
0 0.6230855818750699 0.5855172599589491 0.1867493447928478 0.6400624394987581
0 0.16919555603951428 0.4881443737329586 0.25528113924576445 0.6310874152982612
0 0.34023344823197954 0.41760863905466084 0.19561650493708385 0.6854203912941561
0 0.23360093531420173 0.36822223829253503 0.2517574021635422 0.6810601442210222
0 0.48938011626000044 0.44721380494209717 0.18827678362243105 0.7056874394987581
0 0.4152314886008336 0.31637741628021976 0.24612303837208388 0.573229463502863
0 0.6015703385245837 0.3996797539088249 0.18493357807534777 0.6962942587805987
0 0.7029704907850352 0.4592542209277294 0.19118357807534778 0.6963306202169172
0 0.7353809876509031 0.34108093784843796 0.2963763050895839 0.5172794453524905
0 0.6958619331300001 0.2232046540817755 0.15734886626000028 0.446409308163551
0 0.634578287803403 0.17490805464750958 0.13165657560680585 0.34981610929501916
0 0.7684986929136459 0.1550313710024841 0.16199738582729192 0.3100627420049682
