0 0.9828457853753295 0.5145297649994717 0.03430842924934091 0.08050415686711929
0 0.9378291366628402 0.5161125569111947 0.039387662388271905 0.10259973729831025
0 0.9020624571063999 0.5121970884203628 0.05256613700267499 0.10819021068891566
0 0.8629688321486427 0.5061027515818797 0.04395263852246924 0.10117371589019324
0 0.8206667931978608 0.5006941297290785 0.05045567116909482 0.10188561925216248
0 0.5879034044779431 0.47406488560907756 0.0667559680283131 0.09352277551627447
0 0.307303972416832 0.4423840786593491 0.08686849859222244 0.11024181893551604
0 0.23848412467393068 0.44425679764029363 0.04487701609786014 0.05646393637865614
0 0.2140125153075933 0.4674644987182709 0.04244405696238697 0.06471538255685978
0 0.19272583333096774 0.433544307439841 0.030320041089506245 0.03990866726967421
0 0.17926874192022701 0.4659200759458157 0.03488579139897131 0.06085118347651376
0 0.08365130732596779 0.47948757123465097 0.06417292491209894 0.12049692597610134
