0 0.15634693422203788 0.6984074590579559 0.20720759391540158 0.45411822745980873
0 0.2471576180241462 0.6130820810600278 0.19448741802195862 0.4098588052100677
0 0.3494960508376714 0.531898393508806 0.23440676387734544 0.4709803957806084
0 0.4033678087463368 0.49196044417075974 0.17239224212851562 0.36516273531769167
0 0.4422512366169461 0.43712524090377214 0.1496895711779885 0.34383139081820957
0 0.4845952455141947 0.39304560111901976 0.14560956623507265 0.32024834160399784
0 0.5460075893924152 0.3402801660489972 0.13078306228074013 0.30084337014004514
0 0.5945379312934694 0.29747192783582144 0.12683039133021304 0.28038532092583346
0 0.6127441032325797 0.27167140715765703 0.12019838935304658 0.27071922249741
0 0.6566824456279254 0.2267377427657989 0.11937071840251949 0.2504067224974101
0 0.6946745355518132 0.1937775394988112 0.08579421444818677 0.23012845574818702
0 0.7244402900004376 0.1713374592673529 0.10428954646340927 0.2247517510334573
0 0.762990795437645 0.1438096186968123 0.0940232085166878 0.20244010339082213
