0 0.09765625 0.590625 0.1953125 0.615625
0 0.275 0.609375 0.1796875 0.70625
0 0.4515625 0.64453125 0.1890625 0.6453125
0 0.6078125 0.590625 0.1609375 0.6359375
0 0.1578125 0.4828125 0.2296875 0.625
0 0.33203125 0.41640625 0.1671875 0.68125
0 0.22734375 0.36484375 0.2234375 0.6765625
0 0.4796875 0.45 0.159375 0.7015625
0 0.4109375 0.3171875 0.2234375 0.56875
0 0.59375 0.4046875 0.15625 0.6921875
0 0.69296875 0.46640625 0.1625 0.6921875
0 0.7296875 0.34921875 0.275 0.5109375
0 0.69609375 0.22578125 0.1390625 0.4515625
0 0.6359375 0.17734375 0.1171875 0.3546875
0 0.771875 0.15859375 0.1484375 0.3171875
