0 0.7912768271162633 0.8671940681094495 0.3435353603878557 0.26019534937936156
0 0.845235444403978 0.6857537114496765 0.18578886444504547 0.44113517202418073
0 0.7371638457839497 0.6993429494350407 0.12266157304918757 0.4044704186823628
0 0.8057286595009419 0.6212184967774949 0.1386956761334428 0.4280897320178173
0 0.655824116887268 0.6140043387571322 0.21488780356742723 0.5867567546944533
0 0.5345258153451405 0.6243140354073602 0.22371733278842038 0.5556158426957258
0 0.405274691968346 0.5978049847230883 0.2342730032431156 0.5338681120305442
0 0.2932656156694521 0.5683709287078162 0.21689458847046322 0.5227306173615442
0 0.07519220738797383 0.642388042011454 0.15038441477594766 0.3439147266868172
0 0.17289243466145005 0.34661301269095346 0.2127648271096728 0.10714198002863506
0 0.14526981534184524 0.5189056360200446 0.2905396306836905 0.49093627204008905
0 0.622670292209932 0.3198088960852688 0.227481892044481 0.14480561203054404
0 0.7334366481368562 0.554738974100859 0.14289225243233653 0.4000192760184536
