0 0.8456010969851906 0.8941557946023589 0.22497869106587842 0.21168841079528206
0 0.7202201073242728 0.883357035431159 0.2773417117440431 0.23328592913768204
0 0.5300895670014012 0.8198735454602888 0.2470806310982999 0.3602529090794224
0 0.18516894272301765 0.86875 0.3703378854460353 0.2625
0 0.8634950341221277 0.6587952369348622 0.2302570041338292 0.3874331185006845
0 0.7603401089769026 0.5556582135778972 0.34585638709415606 0.5577576418576495
0 0.5663782473139128 0.45379052203681675 0.25406699338046224 0.5301207236735342
0 0.25752332403071454 0.5511977532987052 0.38250870884855886 0.3731386009497074
0 0.8343963089341214 0.2589710816828705 0.33091628370333376 0.4715018931112909
0 0.6968813463615089 0.20490204414014052 0.2341439834556649 0.37038201082055267
0 0.40070835959607515 0.2987667382550105 0.31812949338046226 0.5319847520450641
0 0.13702481100103597 0.3220150554894186 0.27404962200207195 0.4690301109788372
0 0.21650464164677913 0.17214909930035474 0.34511571670644176 0.34084292649738573
