0 0.7328656565384846 0.8814881352940279 0.36825781017246656 0.2370237294119441
0 0.8077308775881524 0.7356052718540005 0.2348760376322751 0.4543502272193273
0 0.6981011664632819 0.7372545626908404 0.1674316724546287 0.41299605172143145
0 0.7757403229972573 0.6664088385515562 0.18571079156121648 0.4370337524470706
0 0.6273584809789746 0.6432292549789594 0.2807065760931199 0.6010268197775988
0 0.5054107063718687 0.6405357861971528 0.28557385855810863 0.571557574586922
0 0.3813396596388564 0.5994246581595187 0.2924402886657325 0.5515178930985764
0 0.2721851375129499 0.5572693852940279 0.27623309180888567 0.5384722560752678
0 0.07046224152294461 0.6074975306700391 0.14092448304588923 0.3556200613400781
0 0.17897675475751096 0.3239533990890261 0.2213014193542569 0.1294047909216581
0 0.15242717907416656 0.4906671839354164 0.3048543581483331 0.5188343678708328
0 0.6286492690255345 0.3466989953603126 0.2418707845319034 0.1691220553496283
0 0.7110828176205738 0.5929415675001639 0.18759862324041698 0.4105803798517325
