0 0.940164895104785 0.29827829545675966 0.11799758371978016 0.4138721494796017
0 0.9237409852674731 0.19158447591688313 0.13683848731057607 0.38316895183376626
0 0.8704887202403583 0.1944759811746079 0.1616112283335859 0.3889519623492158
0 0.7872540394240032 0.15768751074259219 0.13799192115199369 0.31537502148518437
0 0.7669001119272978 0.2776802696761621 0.21797940300162094 0.4159879274079058
0 0.7252398527539157 0.1925062460432711 0.16785213797450638 0.3850124920865422
0 0.7093865520152309 0.49781570726083313 0.21738957142313992 0.583093540252776
0 0.5414466357350112 0.09892890716997611 0.0773533612399266 0.13994997060135783
0 0.47563528337387895 0.13439941768542568 0.07417381908544911 0.13041119629109837
0 0.40612675927157804 0.13413714608869964 0.06317268657189175 0.11890048620519007
0 0.6331983193800366 0.052369246947782264 0.07735336123992678 0.10473849389556453
0 0.5589386627641784 0.06116107078307194 0.06337267447164337 0.12232214156614388
0 0.5019937711754346 0.04779128957540747 0.061637457649130666 0.09558257915081494
0 0.4674733254301609 0.07385582259209425 0.07442834913967822 0.1477116451841885
0 0.4285426356368153 0.0504764159321742 0.060065867290050964 0.1009528318643484
0 0.390102304352922 0.07709534825912048 0.07752607806243947 0.15419069651824097
0 0.3415375393258073 0.09705318379728431 0.07302038524403187 0.19410636759456862
0 0.2907790152235064 0.09262683401205497 0.08074198165323558 0.18525366802410995
0 0.22753867183936466 0.08882572535105623 0.0805874455488822 0.15886374491161737
0 0.08050004537593154 0.1246481179332529 0.09793857201231529 0.18788950361804463
0 0.006104554254726116 0.144984951379481 0.012209108509452232 0.191280097241038
0 0.031531280250621026 0.3451963133198401 0.06306256050124205 0.3533573733603198
0 0.08280639217791881 0.3994434000454285 0.14271578258831208 0.3667448439616776
0 0.18537792203575637 0.22068323496199466 0.12855328863843626 0.3488203595655099
0 0.2639660094679698 0.27123543362794217 0.13189645725634716 0.3864841338757694
0 0.34205464803165125 0.27339107587145456 0.15109188485124836 0.4640292797373264
0 0.6139705546475096 0.25211146087887776 0.1912169151018695 0.3802208457707
0 0.48857914832623883 0.460183989711693 0.23260550526455734 0.5135999118040736
0 0.5359439859548439 0.6420204879026707 0.2708781857863247 0.6483777035271874
0 0.3204417058024188 0.6322271653105764 0.21110320998682167 0.5765159916322569
0 0.17242288320092838 0.43379738862546785 0.18386802341492992 0.45949890999505116