0 0.938174611795565 0.2946759692795595 0.12365077640886994 0.4145956936879401
0 0.9203125 0.1899048280237087 0.159375 0.3798096560474174
0 0.8703844549868087 0.1935537514456937 0.1853522344757213 0.3871075028913874
0 0.7818105391075596 0.15836300935435912 0.1604960782151192 0.31672601870871825
0 0.772495081210344 0.2775560893552342 0.24398319001068422 0.41873404844057555
0 0.7248537001774853 0.1934529337649273 0.19160223447572128 0.3869058675298546
0 0.7324777495366639 0.49824793273916307 0.25289194245775504 0.5844863824329642
0 0.5340798780376339 0.1041981382901013 0.08605160580511537 0.14081068380210837
0 0.47043652948891274 0.14121531863216855 0.08103672359113005 0.1312446828135252
0 0.4008507157865819 0.14248599996281894 0.07127977767481415 0.11992518083635884
0 0.621041675497896 0.05384660570403758 0.08583335099579195 0.10769321140807515
0 0.5479042758607157 0.063809196122217 0.07393355172143128 0.127618392244434
0 0.4896279843909033 0.051673952053716034 0.06988096878180663 0.10334790410743207
0 0.456907253628197 0.07750162300424313 0.08568950725639404 0.15500324600848625
0 0.416354175497896 0.055107334715235635 0.06826390507947586 0.11021466943047127
0 0.3798363221398514 0.08182767290910291 0.08708831614940156 0.16365534581820582
0 0.3330258095259796 0.1045668473010806 0.08500002649368783 0.20005834980971957
0 0.2821627139724833 0.10429227467739832 0.09075895317271013 0.18625051779449717
0 0.21790924101432535 0.10143387152136837 0.08983137023308556 0.15968801779449712
0 0.07376986061443873 0.1409486521674468 0.10956351687504098 0.18857702174882984
0 0.04555312449425484 0.3635067430799178 0.07790183302444256 0.3542365138401644
0 0.09662704037350392 0.41462623269979443 0.1657292152384277 0.3671768656270503
0 0.18577384201011723 0.2341800459319366 0.14950401451278825 0.3493526956651065
0 0.2680704760382009 0.2832449456279254 0.1555010433687288 0.38704369665368965
0 0.34711313529402804 0.2839360123201086 0.1784871647829407 0.4644338676042167
0 0.6176066845683886 0.25570228848038173 0.21460322485707445 0.3816505425090765
0 0.5075943114248961 0.4659460631949611 0.26299113955519715 0.5162457184025195
0 0.5694470145976063 0.6464983848300602 0.30981655425332005 0.6507772272997681
0 0.35176844127662854 0.6412855973010807 0.2464236876484315 0.5779817144481868
0 0.18931553737827905 0.4476204634224226 0.2110814099736173 0.45952087452429885