0 0.95859375 0.3953125 0.0796875 0.4015625
0 0.95234375 0.2625 0.0921875 0.415625
0 0.896875 0.27890625 0.1203125 0.3734375
0 0.8203125 0.20703125 0.1 0.35
0 0.7859375 0.346875 0.1765625 0.3890625
0 0.75390625 0.25234375 0.128125 0.371875
0 0.7078125 0.55703125 0.15625 0.559375
0 0.58125 0.13359375 0.0640625 0.1296875
0 0.5125 0.15859375 0.0609375 0.1203125
0 0.44375 0.14765625 0.0515625 0.1109375
0 0.6796875 0.075 0.0609375 0.15
0 0.6046875 0.078125 0.046875 0.15625
0 0.54921875 0.0609375 0.0484375 0.121875
0 0.51171875 0.08359375 0.05625 0.1671875
0 0.475 0.0578125 0.0484375 0.1140625
0 0.434375 0.08046875 0.059375 0.1609375
0 0.38359375 0.09765625 0.0515625 0.1921875
0 0.33359375 0.08828125 0.0609375 0.1765625
0 0.27109375 0.07421875 0.0640625 0.1484375
0 0.12265625 0.0875 0.0796875 0.175
0 0.021875 0.09375 0.04375 0.1875
0 0.0328125 0.29765625 0.065625 0.3453125
0 0.09765625 0.3609375 0.1046875 0.35
0 0.21640625 0.19921875 0.0921875 0.334375
0 0.2890625 0.26171875 0.090625 0.371875
0 0.36640625 0.2765625 0.1015625 0.4484375
0 0.6375 0.29765625 0.153125 0.35625
0 0.49296875 0.48515625 0.1796875 0.4859375
0 0.521875 0.6734375 0.203125 0.6171875
0 0.309375 0.6296875 0.1515625 0.553125
0 0.1828125 0.409375 0.1359375 0.4375