0 0.2171875 0.7484375 0.1296875 0.43125
0 0.2921875 0.65625 0.125 0.3875
0 0.3796875 0.56640625 0.1546875 0.44375
0 0.4265625 0.521875 0.1109375 0.3453125
0 0.45546875 0.4640625 0.090625 0.328125
0 0.48984375 0.4171875 0.090625 0.3046875
0 0.54140625 0.359375 0.0796875 0.2875
0 0.5828125 0.3125 0.0796875 0.2671875
0 0.59609375 0.28515625 0.075 0.2578125
0 0.63203125 0.23671875 0.0765625 0.2375
0 0.6640625 0.20078125 0.046875 0.221875
0 0.68984375 0.17578125 0.065625 0.2125
0 0.7234375 0.1453125 0.059375 0.1921875