0 0.8940065138845054 0.8192161482015999 0.19511469470081658 0.25827383538669507
0 0.7830417418841872 0.8254339210670907 0.28125218936981644 0.27846233901489226
0 0.5867121818905504 0.7854339475607784 0.252928289385725 0.3946131286706061
0 0.22027811254777818 0.8677331039061988 0.42945333203372565 0.2633333907363237
0 0.8860143899188675 0.5664730941179159 0.21862601471990645 0.3996627272193273
0 0.7815910665977304 0.48031239402524867 0.3550009614099057 0.5762302056197808
0 0.5762501332750027 0.40938980273292164 0.2624680160725422 0.5433234471822603
0 0.2809638105904126 0.5516790287711226 0.38723056405154316 0.39305560707105974
0 0.8224182506365469 0.2104439043616857 0.3457884987269061 0.4208878087233714
0 0.675280168642592 0.1675768472827768 0.2400646627148159 0.3351536945655536
0 0.39187622795991095 0.28150788331029347 0.3265668787396331 0.5486855589778254
0 0.13761763132559127 0.34595236234371923 0.27523526265118253 0.4830952753125615
0 0.19392108064131935 0.18162202223251858 0.34943966271481597 0.36324404446503716