0 0.5572977045699176 0.725910976683266 0.2711748629141832 0.25774081888905725
0 0.39188407814861886 0.8378484161820239 0.20588306285771346 0.31671584308955403
0 0.23909998336793842 0.884846656910446 0.18921223137238705 0.21821471057599667
0 0.1695918491953063 0.8453937923508693 0.2578249944559795 0.2967124152982613
0 0.26048434677623183 0.6213517834720749 0.3217964891943076 0.2955226200205255
0 0.3812687416839692 0.44090069330938697 0.20770316809115047 0.3479658430895542
0 0.5036156365917066 0.2604405127876194 0.29235118387616604 0.35314422247985344
0 0.19017403384793116 0.3802727863989411 0.28180852602601053 0.3062237706844554
0 0.2805806840173404 0.2026159398915414 0.21116136803468075 0.4052318797830828
0 0.18552651827467714 0.1537426235365669 0.2585530365493543 0.3074852470731338
0 0.11234589448421432 0.2650613977370637 0.2195044890531333 0.44331470452587257
0 0.10127334463950613 0.10233011446138059 0.19317168927901224 0.20466022892276117