0 0.9081652574515549 0.93046875 0.18366948509689038 0.1390625
0 0.9250888192008222 0.828125 0.14982236159835552 0.34375
0 0.7581360129259433 0.8515625 0.29022172927693435 0.296875
0 0.5532057738003583 0.903125 0.2532072075281045 0.19375
0 0.06289515570184998 0.73828125 0.0828787559686801 0.4234375
0 0.1335233320895845 0.784375 0.2179594101132932 0.3640625
0 0.133768729808407 0.69453125 0.23290261368706505 0.5390625
0 0.29592783159529296 0.78203125 0.242988585018153 0.403125
0 0.4583668231923359 0.7421875 0.2491351087441492 0.515625
0 0.6154100020515284 0.8 0.28504875102576416 0.4
0 0.8378169012532257 0.7171875 0.3058599526223695 0.565625
0 0.72303681824942 0.71875 0.2447951186299809 0.5625
0 0.5852848088578799 0.67421875 0.2827991374130612 0.6515625
0 0.42066655193779773 0.64140625 0.29070447931411536 0.6921875
0 0.30401756281221265 0.69296875 0.25962162258431365 0.58125
0 0.0692658780215211 0.60703125 0.11701231132933787 0.6859375
0 0.13812467148199975 0.41796875 0.2462833172608369 0.7140625
0 0.28757818482787256 0.48125 0.26245214532172667 0.6890625
0 0.46164703760334175 0.5734375 0.2804089664625341 0.63125
0 0.7323242935348407 0.6015625 0.31921148129128163 0.7015625
0 0.8895956936879401 0.628125 0.22080861262411985 0.74375
0 0.8466812707974277 0.49375 0.2563003044092557 0.653125
0 0.8819185034600411 0.38671875 0.2361629930799179 0.7078125
0 0.7090473251323213 0.35625 0.2592634783255324 0.6875
0 0.589119485702725 0.32734375 0.25480147140544995 0.6546875
0 0.44047639726171195 0.303125 0.23886345361095299 0.5703125
0 0.28289866060758484 0.36640625 0.27517232121516966 0.7328125
0 0.15380406821223905 0.3234375 0.27010813642447806 0.646875