0 0.5561888878899142 0.8124010478118183 0.12939988271799763 0.3751979043763633
0 0.4360582012253686 0.7962988039601384 0.2172635093889065 0.40740239207972306
0 0.05562055462286565 0.8120641836450254 0.1112411092457313 0.3335033672900508
0 0.1358582065563687 0.8133454033944044 0.12271353071290698 0.3413158672900508
0 0.1673900172263231 0.7893084605759968 0.14658738271799762 0.37895222267624507
0 0.26445592122855033 0.7734658128389331 0.12462147605027045 0.37101245764913066
0 0.33178887189691386 0.7613566982793566 0.13099874538508854 0.3819863190854491
0 0.33563148722950475 0.7668481741770556 0.28563170138445215 0.3781987646343312
0 0.9128956105983669 0.5084701311388152 0.1671180587205427 0.39782039734428026
0 0.7926649265993213 0.5007389234896846 0.18107147071927016 0.3885272105759968
0 0.6686370806015485 0.48360998994285503 0.15908738271799763 0.3790249455488823
0 0.5506046959341394 0.4883924178323439 0.1561623773869975 0.3961942648307229
0 0.4247689019335031 0.49234814392643467 0.1591419267186339 0.3837124455488823