0 0.88515625 0.90625 0.2265625 0.1859375
0 0.6359375 0.93515625 0.3515625 0.128125
0 0.178125 0.8796875 0.35 0.2375
0 0.4921875 0.8 0.365625 0.328125
0 0.78515625 0.71640625 0.3953125 0.3296875
0 0.8984375 0.42890625 0.2 0.265625
0 0.68828125 0.5375 0.35625 0.365625
0 0.3921875 0.6296875 0.371875 0.4171875
0 0.15234375 0.7109375 0.29375 0.3796875
0 0.1 0.50546875 0.2 0.35625
0 0.29296875 0.45859375 0.328125 0.41875
0 0.5640625 0.43046875 0.296875 0.4875
0 0.79453125 0.3546875 0.30625 0.421875
0 0.8953125 0.2015625 0.20625 0.3953125
0 0.7109375 0.21171875 0.2890625 0.4125
0 0.478125 0.28125 0.325 0.44375
0 0.2125 0.29296875 0.29375 0.3546875
0 0.14453125 0.2234375 0.253125 0.446875
0 0.359375 0.203125 0.28125 0.40625