0 0.893920586044717 0.7877054403378198 0.18663079545304767 0.2293976156156063
0 0.6864841871003773 0.8676868848785038 0.3703512305182395 0.20263623649288434
0 0.22587396956778139 0.8757834370716993 0.3866580689919979 0.24260878910960315
0 0.5251393583658515 0.7662594347232121 0.419154743503883 0.40527538908136795
0 0.7852019253292545 0.6223373165473569 0.4130138376596843 0.4111613680346807
0 0.87484071834667 0.3158605324170771 0.24262742532266374 0.307582799774121
0 0.6833235998411394 0.4674971690793709 0.4166570348997407 0.4410308785580245
0 0.4027985284135096 0.62119610565696 0.44102183522405236 0.4955209574831022
0 0.1776012769905274 0.7514428607068704 0.3552025539810548 0.44069767861449416
0 0.11233853855648404 0.5612343606362831 0.22467707711296808 0.3962812787274338
0 0.28048497200011807 0.47457027659070794 0.3971900146072014 0.48828531015629045
0 0.5449935312528834 0.38892338999900133 0.37796845616521485 0.5496022417545563
0 0.7625549525183575 0.2654271638882862 0.376850241068251 0.48553974175455644
0 0.8406544533291364 0.15664005296965433 0.27181609334172735 0.31328010593930866
0 0.6589408031669807 0.18970942917919156 0.3571183936660386 0.3794188583583831
0 0.4395129188331374 0.2616090030543589 0.39916161769145636 0.5118138154179623
0 0.17764811850882586 0.32993188175355775 0.3522399788933864 0.41698716282947856
0 0.13244430722417042 0.27507705275789285 0.26488861444834083 0.49672089448421436
0 0.3108481765437752 0.221572256647677 0.3483979586008469 0.443144513295354