0 0.8798838417338217 0.90625 0.2276442527304745 0.1859375
0 0.6304969200908488 0.93515625 0.3523079094445286 0.128125
0 0.1743489975641131 0.8796875 0.3486979951282262 0.2375
0 0.4875332361512357 0.8 0.3675339754067197 0.328125
0 0.7809883203619952 0.71640625 0.3972305657657994 0.3296875
0 0.8959421964326448 0.42890625 0.2015453610435351 0.265625
0 0.6851541664766115 0.5375 0.35837714402463056 0.365625
0 0.38852408529091403 0.6296875 0.374302125874258 0.4171875
0 0.14820763661877392 0.7109375 0.29595895725634713 0.3796875
0 0.09904778488641004 0.50546875 0.19809556977282008 0.35625
0 0.2903007296101322 0.45859375 0.3305612162333375 0.41875
0 0.5615581060735654 0.43046875 0.29971119203284075 0.4875
0 0.7924677384889268 0.3546875 0.30870439695149693 0.421875
0 0.8941398436787293 0.2015625 0.20854986084714328 0.3953125
0 0.7097057563447118 0.21171875 0.2914623547970191 0.4125
0 0.47648873536566877 0.28125 0.3275816619786115 0.44375
0 0.2107955576725717 0.29296875 0.29581351151107327 0.3546875
0 0.14323132865161467 0.2234375 0.25572484269677065 0.446875
0 0.3581932533196497 0.203125 0.28361349336070063 0.40625