0 0.9031476328528939 0.5285312668260616 0.1774059832684479 0.7152565901291548
0 0.8415999792025722 0.4686765451975914 0.304066642355977 0.6830471468722145
0 0.7261606630046806 0.3908818173009151 0.29542115421897536 0.7389788981258558
0 0.6389896323586022 0.5385584508452946 0.2836613004549228 0.6418765775927424
0 0.6007149940313199 0.4054564458307296 0.2876484634967847 0.6248254699126103
0 0.5219360780237087 0.40462738321517505 0.300726783649009 0.5627801109788372
0 0.35211171486811627 0.5508073644105566 0.3504614812912818 0.7109281059642724
0 0.19739238137001908 0.556089560966202 0.28257896151961825 0.6153140775927424
0 0.3822833290122919 0.404008920757905 0.2730421354358949 0.6493708288463835
0 0.2236259120160975 0.41018602758010714 0.28350479155767444 0.5997345416993651
0 0.1091342722245309 0.42216685352349687 0.2182685444490618 0.48872283386094856
0 0.05772231669218323 0.43494564984171546 0.11544463338436646 0.5613587003165691