0 0.02097316203121614 0.6357017207790068 0.04194632406243228 0.48702844155801356
0 0.08177454319345209 0.5585858417201693 0.16354908638690419 0.5609216834403388
0 0.04904060832231448 0.514249460632737 0.09808121664462896 0.5378739212654742
0 0.17424648971169304 0.49489726298564357 0.30236575644311975 0.8248399074657564
0 0.31980689394099304 0.6866734801112023 0.2061569832645141 0.41884327759614004
0 0.4538753567404347 0.6053434338440805 0.26039518317365695 0.5899467102256999
0 0.8889364314802355 0.5550720673638496 0.20067270239553386 0.6716409951287361
0 0.8250819713943274 0.5649049890363608 0.23217500791345777 0.6472137394466932
0 0.733631455790495 0.5492333502382908 0.25601529963657194 0.685095568991998
0 0.7051999185899368 0.4650668559203336 0.2624976729968916 0.7492126160698988
0 0.56585413557325 0.4829656477232285 0.23669873360319826 0.6441705600635442
0 0.4721041355732501 0.48132923538620814 0.23423547489677093 0.6269557865245939
0 0.40454149932263145 0.45747294967239316 0.26348696291098345 0.738302389608849
0 0.33521496721045585 0.4523530271891031 0.26192446291098326 0.7382751160698986
0 0.2782246607880207 0.45057629301741564 0.2580624785148157 0.724158068991998