0 0.9307110182361115 0.8125 0.13857796352777713 0.375
0 0.8328099932535771 0.80546875 0.15905553020395863 0.3890625
0 0.721472449750591 0.78828125 0.14012369224805585 0.38125
0 0.6368610604079172 0.778125 0.1463009570656947 0.378125
0 0.557936626612327 0.77734375 0.14811803020395864 0.3890625
0 0.4756144358828826 0.76484375 0.1388157653863198 0.3921875
0 0.39736214931375063 0.759375 0.15276916261277815 0.3875
0 0.3196729071975353 0.74453125 0.15436803020395864 0.3890625
0 0.24449106924163258 0.73671875 0.1544043977951392 0.390625
0 0.16385866508132005 0.7296875 0.15425892743041697 0.384375
0 0.08226317296510476 0.71484375 0.14037826538631976 0.3921875
0 0.9500194902163542 0.36015625 0.09996101956729149 0.4484375
0 0.9261368138295832 0.35 0.14772637234083347 0.4375
0 0.878477024220035 0.35078125 0.16643292553055603 0.4375
0 0.8351809658994099 0.33671875 0.14630226348645864 0.4453125
0 0.7609622158994099 0.33671875 0.17017617458062553 0.4640625
0 0.7161400251699656 0.32421875 0.15375108757465306 0.4296875
0 0.6613616061920142 0.3203125 0.17141136626000025 0.45
0 0.5690831872140627 0.31640625 0.16218183662472258 0.45625
0 0.49068543028020867 0.3046875 0.1714841014423616 0.453125
0 0.39669904093753494 0.29453125 0.1683591014423614 0.453125
0 0.3103614974345489 0.27734375 0.17162957180708371 0.459375
0 0.2281120418874655 0.26796875 0.16686933662472264 0.45625
0 0.15603702013597245 0.259375 0.1684682042159032 0.4578125
0 0.07309723356684049 0.25390625 0.14332273385118094 0.4515625