0 0.9638095619730503 0.715727352361874 0.07238087605389935 0.3902312018192456
0 0.8805060548862922 0.721947427216649 0.1244147344757213 0.39110449710451595
0 0.767869645630465 0.7232809489282707 0.10528278855940539 0.37929370181924577
0 0.6827679593327959 0.7288096650155399 0.11293159745241291 0.3749700748547749
0 0.6049703415467811 0.7418233953708327 0.11331354336872881 0.3859075748547749
0 0.5221305596956156 0.7448991995474432 0.10253973447572129 0.39008565260503386
0 0.4441965326537736 0.7540066799027361 0.11794647966639804 0.3845633986760923
0 0.3651811552491119 0.7545567975615819 0.1195635433687288 0.38619867328319835
0 0.2894544689514428 0.7596488660062158 0.11961810707105976 0.38776117328319837
0 0.20914941005843538 0.7680842582721675 0.11939985226173624 0.38151117328319833
0 0.12081359635610449 0.7706335235736486 0.11811017077339052 0.3892508986760923
0 0.9497470288559405 0.25191956348674455 0.10050594228811889 0.4469906240689866
0 0.9047619441870356 0.2513052874318967 0.11193458184331603 0.43576202564056316
0 0.8565972626986899 0.2613738002521782 0.12750501814098528 0.4349272717116217
0 0.8110119441870355 0.2556717638582481 0.10601196405730136 0.4448459272121397
0 0.7387103582521861 0.2692120330886704 0.12843260108060991 0.4614897717116217
0 0.6923983534428626 0.26510888399829324 0.11634926333166185 0.42816784946188075
0 0.6386285126986897 0.2715258579434453 0.13106652775963212 0.44757282092583345
0 0.5467411130615094 0.2844133097626909 0.12190978256895554 0.45338617328319825
0 0.46780758121034405 0.2873071774215367 0.13117565516429383 0.45069782092583344
0 0.3733854586150057 0.2948350411514411 0.12805065516429384 0.4505522717116217
0 0.28572176750801315 0.2942229191493691 0.12983140997361736 0.45687504631872755
0 0.20377236306150945 0.3003873360224266 0.12659728256895564 0.45360449710451595
0 0.13114339491267488 0.304552605252849 0.1282143462712865 0.4552397717116218
0 0.05164686787083288 0.3137328602152477 0.09685521886662478 0.45065927956950463