0 0.11797344701786386 0.6447753066578098 0.23594689403572772 0.6458006133156197
0 0.27133985860456883 0.6407844926588459 0.28511238136630135 0.7184310146823083
0 0.45064091369827597 0.6664352139156561 0.28494724531463955 0.6671295721686878
0 0.6011924946562306 0.6053448571103666 0.256458532461658 0.6626242402800904
0 0.15254768114949274 0.5323866226212445 0.3050953622989855 0.6626285483856421
0 0.31070755014564927 0.4525643436709125 0.2687144915537158 0.7084461625298314
0 0.201665170757905 0.4091524838699495 0.3250099556603384 0.7126285483856423
0 0.4602529090794225 0.4751757059530748 0.264572560833188 0.7269778387085136
0 0.3794695735026143 0.3478083771693585 0.30785589640999617 0.6057235769216894
0 0.5697930451310843 0.4208221538433789 0.25961227619345184 0.7173845148871962
0 0.67461092577247 0.47498957712657724 0.26586227619345204 0.7176756133156195
0 0.6999866619824164 0.35569592162605923 0.3516680808914476 0.5562715405277594
0 0.654595257126136 0.24875240880577767 0.20643448574772805 0.44496155128112636
0 0.5902887162181937 0.2003833753073317 0.1694225675636126 0.3527355099247974
0 0.723070123977468 0.18075157960777663 0.19448475204506402 0.302410178245597