0 0.9109375 0.55625 0.103125 0.3125
0 0.7609375 0.5359375 0.1015625 0.309375
0 0.71953125 0.49140625 0.09375 0.3875
0 0.6734375 0.63828125 0.1046875 0.3640625
0 0.67578125 0.55546875 0.075 0.359375
0 0.615625 0.66640625 0.0859375 0.3625
0 0.565625 0.60859375 0.0828125 0.375
0 0.60859375 0.5796875 0.0765625 0.3546875
0 0.62421875 0.5609375 0.0734375 0.3796875
0 0.521875 0.63984375 0.0921875 0.3765625
0 0.4421875 0.65234375 0.0953125 0.4
0 0.3453125 0.671875 0.1234375 0.3828125
0 0.2765625 0.61328125 0.0921875 0.3609375
0 0.20703125 0.62578125 0.1046875 0.3640625
0 0.103125 0.60390625 0.128125 0.3515625
0 0.46484375 0.51875 0.0890625 0.38125