0 0.9266228263494597 0.512699474636216 0.14675434730108067 0.32849128875333344
0 0.7834318542955249 0.512296818291702 0.16155290121604474 0.3253299211621529
0 0.7342475963868595 0.4736876067606951 0.16929641703337542 0.4004390239356946
0 0.7177988785158127 0.625504026688577 0.17628124608284831 0.38030836189159734
0 0.7035188612156071 0.5432182035503131 0.14464924410568206 0.3702060100679862
0 0.6661700529263809 0.6609862785884381 0.1573402450942652 0.3751844507974306
0 0.6063520425462576 0.6104219277147575 0.15622341406762602 0.38608558320625014
0 0.6424195351318838 0.5761384999030907 0.14602074311709892 0.3655548776591669
0 0.6540600306832595 0.5553356906325353 0.14697574806001476 0.3889923776591667
0 0.5695988004549231 0.6470309217308339 0.16572574806001478 0.3894287887533334
0 0.4932737223940332 0.6702307259673962 0.17293075300293062 0.4130117591180557
0 0.4024868963103098 0.7024600380877434 0.1974214170333754 0.4010936405769446
0 0.32323313642447804 0.6537848423243058 0.1619640780980708 0.37373105357097225
0 0.257781891367394 0.6756767196991321 0.17628124608284831 0.38030836189159734
0 0.15130905688071358 0.6677349734988542 0.196211744105682 0.37140614057694454
0 0.48932902722321836 0.5351108435585769 0.16279174904859772 0.3940435535709724