0 0.9264315103115821 0.5871166566386471 0.1471369793768357 0.32766566191590946
0 0.7864329257718967 0.5499613006078677 0.16240607864272896 0.32449519780928676
0 0.7491457573983976 0.5009615109535667 0.1699903364646497 0.401148626022532
0 0.6908389756871921 0.6419562354850307 0.17652876280124374 0.3795009465556454
0 0.700169202080256 0.5602970585254264 0.1462952312312126 0.3692621285298145
0 0.6310845440889261 0.6640418356433152 0.15750574701622816 0.37426787727617317
0 0.5859015757295445 0.6004028844688163 0.15667128910960298 0.38672241316955047
0 0.6306757494353026 0.5764054433234471 0.14611322070786895 0.3661371285298145
0 0.6484701941877482 0.5594536240439749 0.14747829963294662 0.3895746285298145
0 0.539701409916294 0.626789539720808 0.16622829963294664 0.3901201978092866
0 0.45932366517796586 0.6306934412118761 0.1738433785580245 0.41373955423577746
0 0.36042343359381734 0.6390491619824163 0.19811533646464968 0.4019669799417402
0 0.29713520734192783 0.5735892980340782 0.16375574701622816 0.37444973370266404
0 0.22617796523443562 0.5780016648854103 0.17652876280124374 0.3795009465556454
0 0.12408484421598312 0.5449738677092618 0.1978577312312127 0.3707624440483629
0 0.49244073109003833 0.5006051244396864 0.16337631541796221 0.3947167695960413