0 0.8864841338757694 0.6040912079714305 0.22703173224846118 0.7476264724198931
0 0.7714964574839164 0.5675125134608492 0.31494764359824945 0.8297857545523465
0 0.7121347455889858 0.5097742212992656 0.25624767299689155 0.7516320108205526
0 0.6266841672311404 0.36463484102033805 0.2574007372212428 0.7292696820406761
0 0.5708480042954132 0.5310989550019296 0.2797537720469519 0.8131605442066474
0 0.45972571856519295 0.44122176425227194 0.2433382372212428 0.7434557979675713
0 0.40784339325956526 0.5859181503039339 0.29784867480591404 0.8012061134861197
0 0.35425364653892555 0.4591570735026143 0.23379946291098336 0.7400580133278352
0 0.2648746432595652 0.5900781160599091 0.274335931703319 0.7693196159934022
0 0.14788853912112224 0.6122606561099216 0.2678535583429991 0.7051661877801567
0 0.11471751300184041 0.5615847061890639 0.21174740049565446 0.7955805876218722
0 0.2113977611928181 0.5102602354185236 0.3146200949777304 0.8235357545523465