0 0.8781866306058677 0.583528303971169 0.2355531335461812 0.7928535219140974
0 0.744175306517673 0.5655577796214397 0.291731704784584 0.8578705957773591
0 0.6752993263693051 0.5026117203686745 0.23453484099312566 0.7491035219140972
0 0.5697059026417011 0.37180995941162576 0.23558819471659795 0.7272557954530476
0 0.5382889824294788 0.5463326724799948 0.2562656770491675 0.8103955779204515
0 0.4164516564414232 0.47542806290291806 0.22185300303722286 0.7410728336024945
0 0.38419958805281196 0.6140779111192044 0.27432469281673677 0.7718441777615912
0 0.31481576804868017 0.5103876696406211 0.21240526785486172 0.7377841923687924
0 0.24460975798069393 0.6356159460222405 0.2513950326725006 0.728768107955519
0 0.13123693579236057 0.6721477353895035 0.2465243882958339 0.6557045292209931
0 0.09387467372760407 0.62890625 0.18774934745520813 0.7421875
0 0.1810206898764231 0.5838643055993173 0.2908588825962507 0.8203705957773592