0 0.7180025070320829 0.6782253749950571 0.18175205327276736 0.6265466834403389
0 0.620251329142594 0.5585383920411856 0.15255439090137254 0.4416807597392326
0 0.5853041574014253 0.521987237414803 0.1146453247427898 0.3707136948044244
0 0.51565927791293 0.5403048149315128 0.12264872228346171 0.4036625624991762
0 0.5309666362259905 0.46087641355154113 0.1256555476154267 0.3834046095770768
0 0.45653880796715923 0.49551842045139993 0.11302828258831213 0.3613114212654741
0 0.44435190447455897 0.5757826189092723 0.14456008371978016 0.4102943920444808
0 0.4087325670423455 0.5204678275134146 0.11311009582002854 0.37537392126547414
0 0.37389850390882484 0.5987740596565071 0.12580099336070064 0.4084046095770768
0 0.31978317564999365 0.6337706225627204 0.13526689695149674 0.4241932508107789
0 0.3467774677062755 0.5600155227248761 0.1555521258742579 0.4198603068171334
0 0.2888467930382405 0.5793189017837136 0.13046122228346171 0.4037989301939279