0 0.9757716468523873 0.48992732667707695 0.04845670629522542 0.08322178066955672
0 0.932186602271441 0.49449372933614766 0.0579492832370784 0.10436360172565576
0 0.8965061273755768 0.4925445784780257 0.07207523494255152 0.11054779470068171
0 0.8570465196980048 0.4886511706043411 0.06253581053641984 0.10347361049510889
0 0.8143892736099801 0.48569325659203944 0.06903884318304541 0.10420678943900986
0 0.5794084374060294 0.4717533119807682 0.08355194168584372 0.09740048416792628
0 0.29672086485174964 0.4557302770441302 0.10553787526674922 0.11476485784074389
0 0.2289993523559266 0.4615735647998366 0.055148405943621505 0.059020766638431844
0 0.20921125053207892 0.4861514420039644 0.053619821568930165 0.0667725964639839
0 0.18194915236722287 0.45301039289502715 0.037792101992345735 0.04180806840173403
0 0.17454290622271676 0.48631595956639967 0.046040004840370456 0.06236324909952558
0 0.08286623814874561 0.5054178675106713 0.08648135179489731 0.12350282100904089
1 0.4727514499023256 0.3746361172989098 0.09184526938995911 0.18609382627071275
1 0.8800932046596299 0.4113907205902237 0.23981359068074012 0.08016161566266446