1 0.9113148148148148 0.4248645833333333 0.17737037037037037 0.21847916666666667
1 0.6886481481481481 0.41185937499999997 0.1801111111111111 0.04663541666666667
1 0.31599074074074074 0.3720104166666667 0.08283333333333333 0.20131249999999998
0 0.762712962962963 0.49361458333333336 0.08753703703703704 0.07472916666666667
0 0.7016018518518519 0.502203125 0.043083333333333335 0.09711979166666666
0 0.6238333333333334 0.49153125000000003 0.06899999999999999 0.09139583333333333
0 0.6756851851851852 0.4839791666666667 0.05789814814814815 0.07108854166666667
0 0.3891296296296296 0.4569010416666667 0.08469444444444445 0.10026041666666667
0 0.08915740740740741 0.44361979166666665 0.05501851851851852 0.07891145833333332
0 0.03869444444444444 0.451171875 0.03556481481481481 0.08880208333333334
0 0.021296296296296296 0.46393229166666666 0.04259259259259259 0.07786458333333333