1 0.9017895094765351 0.4388093798721317 0.18940726399705582 0.2322279165125939
1 0.7020804009670828 0.4139577955489648 0.18949760626725728 0.061945725917009045
1 0.34117968682483235 0.3547715400943504 0.12805374331048824 0.20779020616689484
0 0.7567444279729041 0.4992464300831779 0.10360735721378449 0.08189050527837244
0 0.6942013329372675 0.5044360391488548 0.06491778286471538 0.10052484111898821
0 0.6193656327606324 0.48977815336100056 0.08894876190315278 0.09675219670971819
0 0.6726467750972824 0.4850005079840658 0.07391847191015417 0.07567638814106394
0 0.3944225036650371 0.44320790668187476 0.10664370520538242 0.10693596938499515
0 0.1003282063851409 0.4141729353172123 0.07214742325012125 0.08345857873664879
0 0.04843595293737962 0.41892784864083576 0.05556694665472801 0.09151912743024605
0 0.02922588004493845 0.43097242473829833 0.0584517600898769 0.08117823427461725