0 0.9701018518518519 0.4904895833333333 0.04312962962962963 0.07889583333333333
0 0.9177222222222222 0.49326041666666665 0.032101851851851854 0.10109375
0 0.8822962962962962 0.48994270833333337 0.04460185185185185 0.106171875
0 0.8437407407407408 0.48466666666666663 0.03697222222222222 0.09953125
0 0.8017222222222222 0.480078125 0.04323148148148148 0.10011979166666667
0 0.5704166666666666 0.45800520833333336 0.05994444444444444 0.091140625
0 0.29153703703703704 0.43172916666666666 0.07874074074074075 0.10697395833333333
0 0.22225 0.4350520833333333 0.04089814814814815 0.055010416666666666
0 0.1962037037037037 0.45868749999999997 0.03743518518518518 0.06320833333333334
0 0.17744444444444443 0.42509375 0.027712962962962964 0.03899479166666667
0 0.1614722222222222 0.4578125 0.030490740740740742 0.05949479166666667
0 0.06475 0.47343229166666667 0.05586111111111111 0.11809375000000001
1 0.48862962962962964 0.3576875 0.04571296296296296 0.18161458333333333
1 0.8870092592592593 0.408875 0.22598148148148148 0.057359375