0 0.05472349883466912 0.7334117877496089 0.07314185525157466 0.27810840065194575
0 0.18081404756326258 0.7386259758997432 0.06608706245215645 0.26799376481890036
0 0.28963113053617495 0.7265718162416286 0.0649712283979812 0.2618365152554492
0 0.39550774723054527 0.7356340022778147 0.062361537499726616 0.23302896057299172
0 0.48834087253947756 0.7305564048610853 0.059670601235455534 0.24320304521597239
0 0.5711045444144776 0.7237034626919504 0.058923672813415706 0.23187789265646902
0 0.6513716808094296 0.725319415155639 0.061066640018754725 0.21905921100954096
0 0.7266366290865172 0.7221313376588044 0.05612413970982244 0.21605074097006374
0 0.7965404315817602 0.7198220216498391 0.05635377378778261 0.20480644908512266
0 0.8619348857880231 0.7235391549561547 0.05043471097885055 0.20171711837108358
0 0.9282607212323934 0.7358761983121043 0.057579866302053695 0.194511073430299
0 0.9780801610558784 0.7607810287509555 0.04383967788824328 0.20658299053351492
1 0.33757139393918667 0.7478236846364796 0.039256474500787286 0.13927656718101863
1 0.5038884202114136 0.272219481439792 0.9922231595771729 0.4149027354938018
1 0.49154418355496254 0.13534644759285208 0.6442211796099251 0.27069289518570416