0 0.04833984375 0.7934027777777778 0.056640625 0.2664930555555556
0 0.17431640625 0.7934027777777778 0.05029296875 0.2578125
0 0.28271484375 0.7769097222222222 0.04931640625 0.2517361111111111
0 0.388671875 0.78125 0.04833984375 0.2230902777777778
0 0.4814453125 0.7725694444444444 0.044921875 0.23350694444444445
0 0.56396484375 0.7621527777777778 0.044921875 0.2222222222222222
0 0.64404296875 0.7604166666666666 0.0478515625 0.2092013888888889
0 0.71923828125 0.7543402777777778 0.04345703125 0.2065972222222222
0 0.7890625 0.7491319444444444 0.04443359375 0.1953125
0 0.8544921875 0.75 0.03857421875 0.1935763888888889
0 0.9208984375 0.7595486111111112 0.0458984375 0.18489583333333334
0 0.9775390625 0.7821180555555556 0.04443359375 0.1970486111111111
1 0.3310546875 0.7960069444444444 0.03076171875 0.1328125
1 0.5 0.3133680555555556 1 0.2092013888888889
1 0.4736328125 0.12413194444444445 0.62939453125 0.2482638888888889