0 0.04306701759474858 0.6752803509349836 0.0719961341180557 0.28485596479669933
0 0.16383748112052987 0.694067685933811 0.07332459940112857 0.2745909735661524
0 0.2726164377124569 0.693235091088263 0.0717802015454212 0.26836290924114375
0 0.3775063957409943 0.7127975210894987 0.06847547326137171 0.2394137250355709
0 0.47022321300801906 0.7175396060412679 0.0661590806060548 0.24870954375314921
0 0.5528791227249461 0.7194118898065222 0.0650347747668838 0.23732370457351395
0 0.6327019463559466 0.7289659966662381 0.06682879155546884 0.22537316071056226
0 0.7078179088784835 0.733792075740333 0.061900519566493006 0.22139535370127442
0 0.7775570952148985 0.7387402703024227 0.061752776227322226 0.2101106314790522
0 0.8424759758486549 0.7489683552071339 0.055859306610590576 0.20689976306790647
0 0.9077583282659727 0.7682857442058251 0.06260432513263892 0.20066313732535412
0 0.9624291892140955 0.7986980586249499 0.06226378722180992 0.21189730106886984
1 0.31940660942711624 0.7192480078333597 0.04283400455902786 0.14313580110024185
1 0.5061891604233182 0.27068593860598544 0.9876216791533636 0.5413718772119709
1 0.5055261525512479 0.15159514927677786 0.6467944926024958 0.3031902985535557