1 0.04827737695441244 0.5253545730249702 0.051813999934536094 0.07791849008651794
1 0.019912823871700132 0.678708766414411 0.03299127706189915 0.055308399415326275
1 0.10533875452439546 0.5945397898012672 0.04185791146123673 0.2184437483556091
1 0.15244538505397667 0.6023610279133484 0.05068480705066456 0.21029357512317792
1 0.313092340817327 0.5286722274795725 0.04223632916898943 0.1749360039606729
1 0.3809946018110255 0.4680123321545901 0.024203773028483037 0.07549560968479435
1 0.529483440218861 0.5288252087606793 0.042566264961650786 0.11661344475092211
1 0.5589004390141152 0.2925844838154944 0.03068103200547346 0.1450693436122286
1 0.8037587683140324 0.2671502753613557 0.020639752926866112 0.10042019081971687
1 0.8949227823655249 0.2597092481788652 0.027913238875373735 0.09501547299431617
1 0.9755080183467643 0.30202074050506134 0.034605289096683596 0.07108146252681444
1 0.6795246940886173 0.3539737760332466 0.026759457780058445 0.06073466548789194
1 0.7650955496057394 0.46423308267917357 0.03297041347794476 0.20807540306952152
1 0.723801240407439 0.5104546088125603 0.03251589552396392 0.06918651418063283
1 0.7923409943426593 0.4141357912158472 0.0494704235614852 0.15749424909823506
0 0.5969554242161242 0.5996467949171783 0.05715262841467729 0.11784104613715755
0 0.7083380045571275 0.6204892806186746 0.040485961748010384 0.11749627418251807
0 0.7447811872919947 0.6243647215975302 0.03988028506326747 0.09155957413300961
0 0.7760887595661656 0.6061256815899884 0.04669050995261254 0.10373667477661885
0 0.826632318797198 0.598136147158043 0.02846134328594587 0.10335958045123217
0 0.8779647033274635 0.5878156367259088 0.03413899791782811 0.08773735506989855