1 0.3581640784720933 0.6036006625827434 0.3703980408557835 0.4203787821024201
1 0.11857778286661147 0.47874903559565235 0.0646268513491953 0.09173810437634984
1 0.576259700739293 0.4071917121283797 0.049814078847958146 0.17176031072576556
1 0.29035575267635294 0.24723676190838845 0.05410321649320053 0.0701347282340942
1 0.4316613187854407 0.42277972415163545 0.056830573646680684 0.18030375132212365
1 0.6434416640288474 0.3611657253566949 0.021647775516274472 0.06357712265488165
1 0.5748893781100182 0.40954693218608385 0.04433278833085884 0.1623394304949486
1 0.9493954807409426 0.5029220043407526 0.02778859264276813 0.0600673641170471
1 0.7733722510559395 0.4371531452717252 0.03661103422270173 0.09456905483364268
1 0.8087509083374572 0.2431763501782915 0.045290353158217535 0.17717040740691925
1 0.8645527436684219 0.27428505195868436 0.04444418588854357 0.14846670370321555
1 0.8880057183779371 0.0700399180002628 0.03844649140646747 0.10387680038436926
0 0.9328911212883274 0.5950169665820468 0.03239199080346016 0.07501147570910795
0 0.9669647610440959 0.5953472381072337 0.027840969395343033 0.07949564646433592