0 0.39898247365136513 0.6856481481481481 0.03130905313620893 0.09907407407407408
0 0.43157244374021736 0.687962962962963 0.03590562492296361 0.09351851851851851
0 0.45911877832719195 0.6685185185185185 0.04123519587395741 0.10092592592592593
0 0.5498143229960578 0.5296296296296297 0.04556455647925238 0.04722222222222222
1 0.8598545642205693 0.6657407407407407 0.047752407055417244 0.14907407407407408
1 0.8857992909955079 0.5643518518518519 0.06332636949051818 0.17777777777777778
1 0.9736505422713183 0.7537037037037037 0.052698915457363424 0.43703703703703706
1 0.6612993025642557 0.29259259259259257 0.02262158819382544 0.10925925925925926
1 0.5689235898431781 0.36064814814814816 0.024846887305303038 0.08611111111111111
1 0.48794158386094855 0.3611111111111111 0.029776862540624074 0.10092592592592593
1 0.5091350604818146 0.44675925925925924 0.035532330826050895 0.03888888888888889
1 0.25024178600311214 0.3648148148148148 0.02980159848676287 0.13425925925925927
1 0.22832498506604001 0.600925925925926 0.030540171109278386 0.11574074074074074
1 0.057917549067139654 0.5314814814814814 0.029382840283227508 0.07685185185185185
1 0.4082122829238764 0.5972222222222222 0.018708543679032394 0.06111111111111111
1 0.451826673440319 0.5412037037037037 0.03468610961546119 0.14629629629629629
1 0.4776390156810448 0.49537037037037035 0.03943980188256783 0.11851851851851852
1 0.8980491448049814 0.24675925925925926 0.07561576933223364 0.06944444444444445
1 0.6345932711134901 0.4111111111111111 0.03687709153686877 0.05740740740740741
1 0.8146045933181251 0.3990740740740741 0.03796422231015792 0.06018518518518518