0 0.38405729166666663 0.678787037037037 0.028010416666666666 0.0973888888888889
0 0.41673958333333333 0.6827222222222222 0.03243229166666667 0.09136111111111112
0 0.444859375 0.6653611111111112 0.03763541666666667 0.09831481481481483
0 0.5405520833333333 0.5320555555555556 0.04413020833333334 0.0446574074074074
1 0.8456041666666666 0.6873425925925927 0.04225520833333333 0.1469074074074074
1 0.8751614583333333 0.5875925925925927 0.057093750000000006 0.17425
1 0.9688802083333333 0.7833425925925925 0.062239583333333334 0.4333240740740741
1 0.6605989583333333 0.3022222222222222 0.018588541666666666 0.10814814814814815
1 0.5658124999999999 0.36471296296296296 0.021729166666666667 0.08498148148148148
1 0.48483333333333334 0.3603148148148148 0.026432291666666666 0.09933333333333333
1 0.5029270833333334 0.4471111111111111 0.033979166666666664 0.036814814814814814
1 0.2470885416666667 0.3492037037037037 0.024911458333333334 0.13266666666666665
1 0.216625 0.5831944444444445 0.026479166666666668 0.11453703703703703
1 0.048802083333333336 0.5035833333333334 0.026770833333333334 0.07568518518518517
1 0.39655729166666664 0.5908333333333333 0.016552083333333335 0.06037962962962962
1 0.442125 0.5378333333333334 0.0295625 0.14417592592592593
1 0.4695989583333333 0.49362962962962964 0.03502604166666667 0.11595370370370371
1 0.8988541666666666 0.271212962962963 0.073234375 0.06463888888888888
1 0.6296093749999999 0.41933333333333334 0.03473958333333334 0.055342592592592596
1 0.8098020833333333 0.4181759259259259 0.03575 0.05765740740740741