0 0.6086177681127126 0.5774750470307091 0.03426257573977575 0.12718045149858165
0 0.6613600035020243 0.6645770352913328 0.027714953538146386 0.08545452915791471
0 0.6908019668415354 0.6523840874202442 0.04208664785135454 0.10134071564392907
0 0.740144724252375 0.6459513965239858 0.03163360538313379 0.09938112620298575
0 0.7875736254926632 0.6348702219200065 0.023045641438923306 0.08633197316874923
1 0.022817507101948756 0.6181659865843746 0.02526456533371134 0.19929493613171217
1 0.05247772525078333 0.6170841498243973 0.05240907815857379 0.22919929661352567
1 0.20208585565066992 0.5589214292042785 0.030071105383133852 0.09936496556462172
1 0.22835156318244937 0.5573416147648832 0.049118727584763336 0.1412201730121991
1 0.2966005661776742 0.49278298539429294 0.02413525601872237 0.062274059733038956
1 0.4471106571328379 0.5600670670987732 0.0408333421645627 0.11706529574630622
1 0.676264092221108 0.5087443641139975 0.037491746822056866 0.18553533234973354
1 0.7024562184163706 0.4636541114752658 0.037055237203410245 0.1633131101275112
1 0.80079698181766 0.32719916608945593 0.029986781668447312 0.12158180090738942
1 0.9031332862950527 0.2616044884342523 0.029902457953761067 0.14379863625015712
1 0.9424876224408929 0.31663005370379416 0.018412705141254076 0.0890612690314358
1 0.475609316754101 0.32753876357376926 0.03207011500178065 0.12160334842520776
1 0.5775140789742641 0.3327585651738079 0.12706846436619207 0.15961541064352533
1 0.6276976174488514 0.4221484338519735 0.045132280459048484 0.07082286824455576