0 0.5663385416666666 0.4480277777777778 0.04492708333333333 0.15901851851851853
0 0.827640625 0.5558796296296297 0.04575520833333333 0.13399074074074074
0 0.87334375 0.5628240740740741 0.04550520833333334 0.12936111111111112
0 0.9228177083333333 0.5549537037037037 0.04030208333333333 0.1321388888888889
0 0.9836197916666667 0.564212962962963 0.032765625 0.1321388888888889
1 0.9551041666666666 0.3255925925925926 0.053848958333333335 0.15951851851851853
1 0.9694270833333333 0.1726111111111111 0.035625000000000004 0.11744444444444445
1 0.9103177083333333 0.3809074074074074 0.039260416666666666 0.22847222222222222
1 0.8538125 0.42766666666666664 0.027270833333333334 0.09051851851851853
1 0.8165729166666666 0.24227777777777781 0.028828125 0.08548148148148148
1 0.6816927083333333 0.1540925925925926 0.03297395833333334 0.1544814814814815
1 0.8010885416666667 0.17423148148148146 0.14053645833333334 0.14382407407407408
1 0.39434895833333333 0.3515185185185185 0.032140625 0.16506481481481483
1 0.46478125 0.3010648148148148 0.02928645833333333 0.07342592592592592
1 0.21480729166666668 0.40775 0.050078125 0.23587037037037037
1 0.17301041666666667 0.3866851851851852 0.042515624999999994 0.22615740740740742
1 0.08486979166666667 0.2718981481481481 0.044328125 0.10769444444444444
1 0.0334375 0.21334259259259258 0.06686979166666666 0.10632407407407407