1 0.0437977190114528 0.4373075462851312 0.050125245403315484 0.07636562642794299
1 0.010229143177797865 0.5878148740991717 0.02045828635559573 0.05399988143128625
1 0.09534384325272839 0.5123893038793873 0.036328390912154014 0.21821234458389707
1 0.14114965391078474 0.5252091760820785 0.04555184389007838 0.2099238081158043
1 0.30560338943904314 0.4684336769438287 0.0376842985395245 0.17398361631526754
1 0.3771944578827545 0.41480303066983076 0.02255138814106393 0.07535923895024933
1 0.5197197137330802 0.4906323907573768 0.03985455230044816 0.11597385724565618
1 0.5659184191961181 0.25707050700848444 0.026812990806630903 0.14512725765841594
1 0.810040492236514 0.2567508208722278 0.018273065100668142 0.0998738775546662
1 0.9007364751255861 0.2589142767763832 0.02547380355408938 0.09507332861446222
1 0.9773858955531765 0.30921218256061694 0.03286197189227759 0.06995633834784169
1 0.6809152818908151 0.3311284767959462 0.025418758203535438 0.05994207247323076
1 0.7577301829861718 0.4507360044147402 0.027828355854537298 0.20716429469545297
1 0.7133739948978693 0.49230308114388704 0.03126916248786245 0.06794269936412876
1 0.7881451086921345 0.40321760446493554 0.04519370449537329 0.15627403345605434
0 0.5813614691655256 0.5683662356982396 0.054407576229366345 0.11563201862450788
0 0.6902770374773332 0.6009956534274697 0.03777121896711482 0.11575814106984168
0 0.7260251036997386 0.6088486234687394 0.03734688730530327 0.08983221514391554
0 0.758253364828437 0.5934949502285505 0.04431473176733481 0.10257032975235053
0 0.8089891507218143 0.5910146462208437 0.026115874505083052 0.10253466506582325
0 0.8605440733707106 0.5861386338323914 0.032108244567554796 0.08744107285252682