1 0.3859840879354361 0.6502150312139303 0.3811717280826076 0.4772341357945817
1 0.13272462973723256 0.616110177546749 0.06712768073554558 0.10136831369497562
1 0.5742567030588768 0.38202220430492223 0.05537315746685489 0.177035660654922
1 0.2706582351203422 0.33044392210672363 0.05596290124429271 0.07799390895159533
1 0.4337765704833688 0.4497298713016345 0.06275573593002264 0.186445757644336
1 0.63429081358351 0.31366432458688925 0.023562140421824532 0.06621480217837011
1 0.5734436339301013 0.38527910623103667 0.050064821157370196 0.166742734233912
1 0.9553176977827725 0.34035002366982886 0.02978486688287442 0.06356631388358222
1 0.7728019791680397 0.34042265028178637 0.04002616504291202 0.09895620741683457
1 0.7812760906391308 0.14028797373700533 0.05177278003177198 0.18158987141947416
1 0.8402815798166628 0.15017622182150428 0.04940762012928535 0.15284307122144056
0 0.9515212685353026 0.43531668875693996 0.03462691693692624 0.07940402173656522
0 0.9828803626911039 0.42355913023087965 0.026329948322193295 0.08293533946294918