1 0.39791666666666664 0.4982500510644623 0.3020833333333333 0.6136563990852492
1 0.43359375 0.4132527643398028 0.04479166666666667 0.18888953759105662
1 0.58046875 0.39771446148954176 0.0296875 0.16265116208123873
1 0.77734375 0.4376233242568437 0.028125 0.10984106193271344
1 0.6450520833333333 0.35008217386901724 0.019791666666666666 0.06059460188131972
1 0.11927083333333334 0.5086438368107219 0.04739583333333333 0.05838785265341358
1 0.81015625 0.23648159150818407 0.0234375 0.11252187259824896
1 0.9091145833333333 0.2585085821015859 0.12395833333333334 0.15719387104226124
1 0.88359375 0.05996244008305358 0.043229166666666666 0.09811647447956855
0 0.95 0.5673850356225829 0.0265625 0.09591985067307733
0 0.9830729166666666 0.5736453232195395 0.0328125 0.08771580682273368