1 0.05049479166666667 0.45660185185185187 0.048380208333333334 0.06967592592592593
1 0.015208333333333332 0.6042592592592593 0.030421874999999998 0.050194444444444444
1 0.10413541666666666 0.5355092592592593 0.03066666666666667 0.2136111111111111
1 0.150484375 0.5514814814814815 0.04003125 0.20388888888888887
1 0.31375 0.5065833333333334 0.033234375000000003 0.16964814814814816
1 0.3841875 0.45799074074074075 0.020458333333333335 0.0724537037037037
1 0.5290989583333333 0.5443148148148148 0.03683854166666667 0.11085185185185185
1 0.5691979166666666 0.31425 0.023291666666666665 0.14147222222222222
1 0.8140989583333333 0.3316111111111111 0.015697916666666666 0.09749074074074075
1 0.905109375 0.34017592592592594 0.023234374999999998 0.09147222222222223
1 0.9833541666666666 0.3966574074074074 0.03129166666666667 0.06552777777777777
1 0.6866354166666666 0.3966574074074074 0.023791666666666666 0.05626851851851852
1 0.766578125 0.5216203703703703 0.02221875 0.20436111111111113
1 0.7233541666666666 0.5602870370370371 0.029515625 0.06409259259259259
1 0.7959999999999999 0.47626851851851854 0.041479166666666664 0.1506759259259259
0 0.5930260416666666 0.626712962962963 0.05144270833333333 0.10897222222222222
0 0.7029114583333332 0.667212962962963 0.034796875 0.11127777777777778
0 0.739109375 0.6776388888888889 0.03532291666666666 0.08545370370370371
0 0.7710052083333333 0.6649166666666667 0.041838541666666666 0.09702777777777778
0 0.82178125 0.6658240740740741 0.02325 0.09924074074074074
0 0.8732083333333333 0.6646666666666667 0.02975 0.08303703703703705