1 0.091375 0.5482407407407408 0.05202083333333333 0.17888888888888888
1 0.16897395833333334 0.4880740740740741 0.014510416666666666 0.06781481481481481
1 0.31635416666666666 0.5649166666666667 0.0384375 0.10112037037037036
1 0.5542239583333333 0.45544444444444443 0.05323958333333333 0.06273148148148149
1 0.6845520833333333 0.3753611111111111 0.035250000000000004 0.11552777777777777
1 0.7798593749999999 0.31773148148148145 0.017526041666666665 0.10675000000000001
1 0.3584114583333333 0.34712037037037036 0.020984375 0.12387037037037037
1 0.9441666666666666 0.4494259259259259 0.018020833333333333 0.06921296296296296
1 0.7441822916666666 0.4378518518518518 0.029510416666666664 0.04607407407407407
1 0.9738489583333333 0.7412685185185186 0.04093229166666667 0.12976851851851853
1 0.5077447916666666 0.5926944444444444 0.025385416666666667 0.054824074074074074
0 0.492640625 0.7003055555555556 0.026432291666666666 0.08950925925925926
0 0.5236302083333333 0.6996203703703704 0.031114583333333334 0.07423148148148148
0 0.542640625 0.6827222222222222 0.017046875 0.07285185185185186
0 0.5798749999999999 0.5892222222222222 0.060265624999999996 0.061768518518518514
0 0.6043541666666666 0.6831851851851852 0.02068229166666667 0.08302777777777778
0 0.6517447916666667 0.6764722222222223 0.021718750000000002 0.0835