0 0.96503985137272 0.7816392172559762 0.03480434205572844 0.09489403660317487
0 0.9872428976241101 0.7994738947604436 0.02551420475177982 0.09341947065469733
1 0.424091925130242 0.6057417321713994 0.30679873834089144 0.49886805977639387
1 0.14959599452656663 0.40295931051912753 0.06827907712412902 0.133344320315206
1 0.46924087959967314 0.4533640226204417 0.05131884727034202 0.18661572069268867
1 0.6095699909952563 0.4783089639408531 0.04449248061308708 0.16857038501604696
1 0.6746186243380012 0.465470173730775 0.022188138557358645 0.07458183458097002
1 0.8011755014715419 0.5854852321615165 0.03774219468185838 0.10526786474004741
1 0.8419050778834289 0.4092323113670858 0.031239240283014644 0.12881373854939757
1 0.9562046357147612 0.5357492910371366 0.04145897189069198 0.07597779242345437
1 0.9229460297220242 0.2580689856605209 0.042985999952941965 0.0908680644189441
1 0.3255424911129017 0.23834881076910838 0.05723564732681178 0.0817392797632066
1 0.42234606122146817 0.3700644998491686 0.03877407366340589 0.04160534739318299