0 0.9583905697849183 0.6619605255313631 0.030651827483007564 0.09104240599019767
0 0.9849310269638158 0.6746191298051419 0.030137946072368273 0.08832388388642037
1 0.41739027179517824 0.5809672585722426 0.28820043485499386 0.45938500950750455
1 0.14110090105101866 0.4254647303922954 0.06296823009581308 0.12470433897026091
1 0.46007343096216646 0.41985045191154524 0.043595321632681795 0.18190165807893938
1 0.6002079070332482 0.4202532331901128 0.037578215624071494 0.1642498098123463
1 0.664925628793622 0.3959687621471782 0.018905554807730596 0.07333130204960411
1 0.7925964259476016 0.4942021743562049 0.03342269587395729 0.10125452557265573
1 0.8307340508927342 0.3099803145829961 0.025498539500228408 0.12616833550138237
1 0.9463016570332482 0.41667365179253896 0.03865175736777455 0.07075822569110064
1 0.9092789365486846 0.14386218361030256 0.03941506593642904 0.0855784273853701
1 0.31422049692076437 0.2291968272524728 0.054337376176604835 0.0746235357784421
1 0.41221616204781314 0.34440665169680496 0.03755504535055394 0.03556765362646093