1 0.0914060639905471 0.634553925902358 0.06591710064862312 0.19021410608953476
1 0.16507729856817316 0.5561936967489581 0.019961762986741977 0.07076901294292215
1 0.3162034219449677 0.5975028712308992 0.04637616801906326 0.10927068208500954
1 0.5464220293577706 0.43258784579300275 0.05801896103867581 0.07525922766814751
1 0.6714394851203422 0.32215323401000073 0.04390836904714822 0.12310570035598613
1 0.7628281442109517 0.24250075872887042 0.025561017045030117 0.11069156899356197
1 0.34523549526661185 0.37194800386640114 0.03042124945838225 0.12838112869839705
1 0.9340271693736567 0.3343102812552292 0.023104945346042172 0.07268550953626905
1 0.7342389025988861 0.3699182520688028 0.032800772727073026 0.05251984751396595
1 0.9747393973238804 0.616281012306462 0.03937541910120027 0.1387494739844844
1 0.5082668729730527 0.5796437178018643 0.029757593343924072 0.060788536105804446
0 0.49963293926135594 0.6899851277789955 0.03321896699097818 0.09511244010655855
0 0.5304348353652235 0.6819420470802215 0.03672843262955989 0.08129897008274703
0 0.5483477202406843 0.6607423935450836 0.022620476731309225 0.07637843911639021
0 0.5798074088225467 0.5591861813895822 0.06478979437200914 0.07539929127471993
0 0.6096729134224527 0.6465134710611785 0.026896237553777288 0.08757574321616125
0 0.6564556835793132 0.6284195573709165 0.02794699540009399 0.08852321738925226