0 0.5496695649997764 0.41848886149425535 0.06277258436679081 0.17065114628568295
0 0.8164924739466551 0.446747258269154 0.060579371105206545 0.14654474984086135
0 0.8622109398275335 0.44024896690013093 0.059937246760029934 0.1419043460876493
0 0.9109580909165295 0.4174931012094918 0.05527400496239873 0.14273330490133276
0 0.9695097480711804 0.40795306603492 0.04220465522432827 0.1406120999599187
1 0.9288384243181587 0.1820654982437006 0.07169952564056317 0.17361208416436288
1 0.9332041827269182 0.04519688443316331 0.04817496787949693 0.09039376886632662
1 0.8877689170809514 0.24954561124084498 0.06506426647303319 0.2382545130018579
1 0.8343207008555872 0.3126546735743393 0.03744294458203825 0.09794408850224882
1 0.7859802722640015 0.14106306193277643 0.03836332023686187 0.09333600711978413
1 0.6461322527573892 0.09444581238659305 0.05059935208117518 0.16299593403587828
1 0.7662756633584008 0.08542510687934392 0.1563171076642495 0.17085021375868784
1 0.3725213166539093 0.3749567765990345 0.050866192307229836 0.17318111922106352
1 0.43944484849822246 0.30416556670677936 0.03752713027273653 0.0812881959591646
1 0.19736004825055342 0.48407856706039293 0.0767894400324213 0.24867672890585776
1 0.1546338802742396 0.4757081729966887 0.06814075006829595 0.23646730589150108
1 0.0595668343682937 0.3888340452177247 0.05623004990318325 0.11961747912393203
1 0.022057615936416964 0.34576297717896326 0.04411523187283393 0.12514071230874016