0 0.5724847804545817 0.5549386923328916 0.036579309135968664 0.1301546789690351
0 0.6119984073957655 0.651400849257429 0.02910100180902238 0.08803526921831951
0 0.6428504047951269 0.6450081957608548 0.04414836235475761 0.10483241048850771
0 0.6918644369073026 0.6483872884184133 0.03367710425133765 0.10222598682990768
0 0.7402473454705494 0.6467303813688853 0.024413501809022384 0.08769571190528251
1 0.003491665347757038 0.4803582681876137 0.006983330695514076 0.2003945747358837
1 0.024845278343379143 0.4849155915618869 0.049690556686758286 0.23325157430202176
1 0.17597752506469533 0.4566182991923818 0.03208730853296113 0.10118687513296941
1 0.20211583408776918 0.46026856093589785 0.051572078244950664 0.14509996838737166
1 0.27767207428822177 0.4095218664424455 0.02529360884960769 0.0646607495281467
1 0.4161997333415813 0.5057411713521495 0.04302259384878297 0.1195340395323104
1 0.6481638513877289 0.5000253311727725 0.04090310606036004 0.18867665525405536
1 0.6797244301227924 0.4607811716009966 0.04024800881932199 0.16645443303183324
1 0.794883547980331 0.3447991543080815 0.0327697014923757 0.12433502328111756
1 0.9043087100487277 0.29991457048086173 0.03287666968170389 0.14559359098707644
1 0.9354845742882218 0.36187065684628755 0.019835184682528487 0.09105985829594963
1 0.4758347621743965 0.2810595218043996 0.0343322014923757 0.12444820905212989
1 0.5751261808386945 0.3066671385348172 0.12977675071590228 0.17109189871801714
1 0.6122551142023135 0.4046879630047619 0.046893436981663685 0.07454095506531412