1 0.10400623207772171 0.4155246691164102 0.07379570609267277 0.19686068664158404
1 0.18537608705438083 0.37523070469076564 0.02270121491571698 0.07258965812932401
1 0.32605391156466995 0.48799081288907914 0.05082765095090096 0.11408584332707485
1 0.5701963123091801 0.4380554221058687 0.06037102233229727 0.08139919091025526
1 0.7053875135775489 0.3911741431965242 0.049108190653097 0.12784539603266096
1 0.8041510632743415 0.3576835256290022 0.030490892748532398 0.11189888961394685
1 0.38352604011497765 0.28224270851523137 0.036184390129238034 0.1307407485907224
1 0.9578397460695556 0.5289915440784096 0.026419822856156353 0.07559377422788169
1 0.7600900147491013 0.4680009971607219 0.03476456727308204 0.056699008562473965
1 0.9661232041608468 0.8252555063288803 0.05681224676002993 0.1440388134149615
1 0.5142474243849515 0.562558669640418 0.03183363289203077 0.0639124116949271
0 0.491382864210982 0.665531926774766 0.03741868637966969 0.09846267736661755
0 0.5220820671334839 0.6724366813902591 0.04017981334414043 0.08476779275268292
0 0.5423760144729114 0.6605113384319962 0.025971764129928705 0.07833921795983383
0 0.5860988842001749 0.5771103868437797 0.06771120540370129 0.0837037194036668
0 0.6035625200559858 0.6761888665377475 0.03095036255835216 0.08974133548337612
0 0.6511766772106368 0.6815798017009429 0.03201628742738762 0.09073192950095332