0 0.9551041666666666 0.5878240740740741 0.024265625000000002 0.08676851851851851
0 0.9850260416666666 0.5952314814814815 0.029947916666666668 0.08305555555555556
1 0.4132135416666667 0.6016851851851852 0.2581979166666667 0.410787037037037
1 0.13173437500000001 0.49525 0.054614583333333334 0.11456481481481481
1 0.44902604166666665 0.4336759259259259 0.03034375 0.1766111111111111
1 0.58846875 0.40937962962962965 0.025374999999999998 0.16041666666666668
1 0.6516145833333333 0.3737407407407407 0.013645833333333333 0.07062962962962963
1 0.7828541666666666 0.4494259259259259 0.026119791666666666 0.09699074074074074
1 0.8131875 0.25916666666666666 0.016479166666666666 0.12389814814814815
1 0.9325781249999999 0.34526851851851853 0.03390625 0.06462037037037037
1 0.8842760416666666 0.07957407407407407 0.033656250000000006 0.07950925925925927
1 0.29578125 0.26912962962962966 0.049380208333333335 0.06510185185185186
1 0.39811979166666667 0.3667962962962963 0.03530208333333333 0.028972222222222222