0 0.4004739027343522 0.6561255128414765 0.03309218914622688 0.10388599494098663
0 0.4332864027343522 0.6530683923832991 0.037186120630532456 0.09871864515789808
0 0.46035739580049806 0.6296874586681511 0.042491434207013866 0.10661130978088901
0 0.548564386460579 0.4763851014311455 0.04648794997458339 0.054270263497136706
1 0.8605145532220259 0.5645934010119857 0.04990476165120394 0.15631621823522204
1 0.8846837244164817 0.45897489991488477 0.06590556009340294 0.18647569358567698
1 0.9728346395322339 0.6342064063561286 0.054330720935532165 0.44549232423714424
1 0.65604718303522 0.2220919041185101 0.0243592477834954 0.11232031693375354
1 0.5650899021333682 0.3047307680476367 0.026139517856990816 0.08936627167183878
1 0.48417305398239596 0.31783207330551905 0.03155393420701387 0.10559226962816326
1 0.506630370914873 0.4001017779808851 0.03595005800398141 0.044040489806709965
1 0.2466550879235997 0.35850258371543414 0.031978222770787094 0.13799967703557067
1 0.22866470570434055 0.5975049124755852 0.0322687280266436 0.12045561016453656
1 0.057328069622882206 0.5550637529526186 0.030717915083449107 0.08146966983253091
1 0.4081582452180443 0.5659487237231322 0.01956220953636579 0.0637839630131385
1 0.45088410913658594 0.5035634926396748 0.03682331566590283 0.15047344556663297
1 0.4760410488213197 0.45347628423735037 0.041159262284490815 0.12405832520880658
1 0.8917114906277779 0.1394130783828613 0.0764785132344213 0.08018437777411201
1 0.6313210286530442 0.3449128234275782 0.03775500861185179 0.06270458548990371
1 0.8107054653932063 0.3050233013417919 0.03883304286969889 0.06557941471079813