0 0.5614709523184054 0.49008194754683204 0.05689451306402755 0.1694686027192646
0 0.8125632183297647 0.6592210704654962 0.055443669437756665 0.14441471933363767
0 0.8573652490766733 0.6768293046716366 0.05484706259338547 0.13975814801119457
0 0.9068216836900286 0.6807776543778024 0.05018987199780061 0.14136752462772548
0 0.9663841135747956 0.7042463194217184 0.042362217295593044 0.14003747330959784
1 0.9560317288865098 0.4609128302767561 0.06577898913510911 0.17177846334894487
1 0.9782708799596975 0.3123995775666299 0.03691140872693902 0.12495324156664862
1 0.9076101664250281 0.5052069246435856 0.05643830632517961 0.2369803702334168
1 0.8481649663722666 0.538273624466778 0.03385260099404519 0.09704075532480375
1 0.8249999063958983 0.3452464023130325 0.03533932748300757 0.09249195077361438
1 0.6979349527141168 0.22607833334170596 0.044288430148574774 0.16234052061026044
1 0.8146933304303394 0.27428331470076645 0.1512108105039836 0.17712282689627507
1 0.39819771788971536 0.35375018230078686 0.044455131872857837 0.17252570579544563
1 0.4717205726446844 0.32048498225763156 0.03462148302097603 0.0804279720437639
1 0.21606317170340059 0.3665697537311183 0.06752735334725504 0.24680540504175832
1 0.17616838413850164 0.33577806883437294 0.059532996920764344 0.2352901685384455
1 0.09731561381643432 0.2010330800463274 0.05241517110927839 0.11835408494364448
1 0.05076565707758622 0.13097532256130495 0.07485646854923439 0.12229035551240022