0 0.5944583333333333 0.5831944444444445 0.026932291666666667 0.12379629629629628
0 0.6418489583333333 0.6760092592592593 0.02276041666666667 0.08257407407407408
0 0.6720520833333333 0.6669814814814815 0.036296875 0.09692592592592593
0 0.72153125 0.6665185185185185 0.025869791666666666 0.096
0 0.7697031249999999 0.6605 0.018052083333333333 0.08396296296296298
1 0.007140625 0.5575 0.014276041666666666 0.1974074074074074
1 0.03682291666666667 0.5595833333333333 0.03927083333333334 0.22471296296296295
1 0.18954166666666666 0.5183888888888889 0.024401041666666668 0.0960462962962963
1 0.21610416666666668 0.5197777777777778 0.0410625 0.13585185185185186
1 0.28784375 0.4633148148148148 0.020479166666666666 0.059953703703703703
1 0.43405208333333334 0.5473240740740741 0.03425520833333333 0.11224074074074074
1 0.6659375 0.5223240740740741 0.026661458333333332 0.18260185185185185
1 0.6947083333333333 0.48068518518518516 0.027765625000000002 0.15992592592592592
1 0.8009479166666666 0.35614814814814816 0.023255208333333333 0.11877777777777777
1 0.9069322916666667 0.30245370370370367 0.021671875 0.14100925925925925
1 0.9429947916666667 0.3614722222222222 0.013072916666666667 0.08775925925925926
1 0.4762395833333333 0.3191111111111111 0.024869791666666665 0.11878703703703702
1 0.5777864583333333 0.33624074074074073 0.11859375 0.14377777777777778
1 0.622578125 0.43068518518518517 0.04151041666666667 0.06548148148148147