1 0.37988020833333336 0.6266851851851852 0.3477760416666667 0.3774537037037037
1 0.13290625 0.5170092592592592 0.0595625 0.08400925925925927
1 0.586515625 0.41724074074074075 0.03969270833333333 0.16689814814814816
1 0.2910989583333333 0.27537962962962964 0.050421875 0.06371296296296297
1 0.44264583333333335 0.44200925925925927 0.04622916666666667 0.17475925925925928
1 0.6510937499999999 0.3670277777777778 0.017812500000000002 0.06183333333333334
1 0.5853437499999999 0.419787037037037 0.034749999999999996 0.15810185185185185
1 0.9655208333333333 0.48969444444444443 0.024265625000000002 0.05716666666666667
1 0.785453125 0.4348425925925926 0.031328125 0.09098148148148148
1 0.8095416666666666 0.23949074074074073 0.035229166666666666 0.17250925925925925
1 0.8670885416666666 0.2668055555555555 0.03573958333333334 0.1437962962962963
1 0.878546875 0.06198148148148148 0.03261458333333333 0.09988888888888889
0 0.9543229166666667 0.5825092592592592 0.027911458333333337 0.07149074074074073
0 0.9884114583333333 0.5806574074074075 0.023177083333333334 0.0770462962962963