1 0.398109375 0.5130277777777779 0.29048958333333336 0.5899537037037037
1 0.43222916666666666 0.4265 0.041026041666666666 0.1854074074074074
1 0.5785729166666667 0.40475 0.026416666666666665 0.16041666666666668
1 0.7762135416666667 0.43646296296296294 0.025859375 0.10810185185185185
1 0.6423697916666666 0.3542962962962963 0.018593750000000003 0.059527777777777784
1 0.11975520833333334 0.5345925925925926 0.046286458333333336 0.054379629629629625
1 0.8051145833333333 0.23417592592592593 0.021166666666666667 0.11094444444444444
1 0.9045833333333333 0.2522222222222222 0.12114583333333333 0.14704629629629629
1 0.8751614583333333 0.05457407407407407 0.041468750000000006 0.09433333333333332
0 0.951328125 0.5591296296296296 0.02453125 0.09417592592592593
0 0.9845052083333333 0.5637592592592593 0.030989583333333334 0.08491666666666665